Buchs Sstone
Orthogonal;2015-12-09;16:05:32;;;1;18:52:00;
30;1;20
0.0;0.0

sample order 
1o
2o
3o
4o
5o
6o


1o
1o;50.000;40.000;0.0;0.0
Index;Element;Marker;Time;Kraft Diff.;Weg
;;;;kN;mm
1;100;5000;16:14:17:860;1.50;0.00
2;100;100;16:14:18:419;1.52;0.00
3;100;100;16:14:19:019;1.66;0.00
4;100;100;16:14:19:619;1.59;0.00
5;100;100;16:14:20:219;1.61;0.00
6;100;100;16:14:20:819;1.74;0.00
7;100;100;16:14:21:419;1.70;0.00
8;100;100;16:14:22:019;2.07;0.00
9;100;100;16:14:22:619;1.80;0.00
10;100;100;16:14:23:219;2.07;0.00
11;100;100;16:14:23:819;1.84;0.00
12;100;100;16:14:24:419;2.15;0.02
13;100;100;16:14:24:929;2.10;0.05
14;100;100;16:14:25:029;1.90;0.06
15;100;100;16:14:25:609;2.10;0.10
16;100;100;16:14:25:639;2.12;0.10
17;100;100;16:14:26:119;2.19;0.15
18;100;100;16:14:26:249;1.94;0.17
19;100;100;16:14:26:439;2.19;0.20
20;100;100;16:14:26:859;2.18;0.25
21;100;100;16:14:26:869;2.15;0.25
22;100;100;16:14:27:169;1.94;0.30
23;100;100;16:14:27:399;2.12;0.36
24;100;100;16:14:27:489;2.05;0.38
25;100;100;16:14:27:629;2.12;0.41
26;100;100;16:14:27:849;1.91;0.46
27;100;100;16:14:28:029;2.08;0.51
28;100;100;16:14:28:119;2.09;0.56
29;100;100;16:14:28:169;2.24;0.56
30;100;100;16:14:28:419;2.05;0.62
31;100;100;16:14:28:499;2.10;0.67
32;100;100;16:14:28:649;2.04;0.72
33;100;100;16:14:28:759;1.98;0.75
34;100;100;16:14:28:809;1.78;0.77
35;100;100;16:14:28:939;2.08;0.82
36;100;100;16:14:29:069;2.01;0.88
37;100;100;16:14:29:169;1.86;0.93
38;100;100;16:14:29:319;2.11;0.98
39;100;100;16:14:29:409;2.15;1.02
40;100;100;16:14:29:439;2.19;1.03
41;100;100;16:14:29:549;1.88;1.08
42;100;100;16:14:29:669;2.19;1.13
43;100;100;16:14:29:809;2.33;1.19
44;100;100;16:14:29:939;1.86;1.24
45;100;100;16:14:30:049;2.18;1.29
46;100;100;16:14:30:069;2.38;1.30
47;100;100;16:14:30:169;2.31;1.34
48;100;100;16:14:30:269;2.05;1.39
49;100;100;16:14:30:379;2.19;1.45
50;100;100;16:14:30:509;2.27;1.50
51;100;100;16:14:30:609;2.31;1.55

2o
2o;50.000;40.000;0.0;0.0
Index;Element;Marker;Time;Kraft Diff.;Weg
;;;;kN;mm
1;100;5000;16:19:30:234;1.20;0.00
2;100;100;16:19:30:771;1.21;0.00
3;100;100;16:19:31:371;1.43;0.00
4;100;100;16:19:31:971;1.34;0.00
5;100;100;16:19:32:571;1.70;0.00
6;100;100;16:19:33:171;1.52;0.00
7;100;100;16:19:33:771;1.68;0.00
8;100;100;16:19:34:371;1.74;0.00
9;100;100;16:19:34:971;1.66;0.00
10;100;100;16:19:35:571;1.94;0.00
11;100;100;16:19:36:171;1.72;0.00
12;100;100;16:19:36:771;2.03;0.00
13;100;100;16:19:37:371;2.04;0.00
14;100;100;16:19:37:971;1.95;0.00
15;100;100;16:19:38:571;2.20;0.00
16;100;100;16:19:39:171;2.01;0.01
17;100;100;16:19:39:771;2.20;0.04
18;100;100;16:19:40:001;2.24;0.05
19;100;100;16:19:40:381;2.16;0.09
20;100;100;16:19:40:521;1.94;0.10
21;100;100;16:19:40:921;1.94;0.15
22;100;100;16:19:41:001;1.94;0.17
23;100;100;16:19:41:241;2.05;0.20
24;100;100;16:19:41:551;2.13;0.25
25;100;100;16:19:41:621;2.08;0.26
26;100;100;16:19:41:781;2.03;0.31
27;100;100;16:19:41:991;2.09;0.36
28;100;100;16:19:42:231;2.27;0.41
29;100;100;16:19:42:251;2.19;0.42
30;100;100;16:19:42:401;2.11;0.46
31;100;100;16:19:42:621;2.12;0.51
32;100;100;16:19:42:811;2.04;0.56
33;100;100;16:19:42:881;1.90;0.59
34;100;100;16:19:42:971;2.26;0.61
35;100;100;16:19:43:111;2.05;0.67
36;100;100;16:19:43:301;2.11;0.72
37;100;100;16:19:43:431;2.20;0.77
38;100;100;16:19:43:521;1.87;0.82
39;100;100;16:19:43:531;1.97;0.83
40;100;100;16:19:43:741;2.27;0.88
41;100;100;16:19:43:811;2.01;0.94
42;100;100;16:19:43:941;2.05;0.99
43;100;100;16:19:44:081;2.33;1.04
44;100;100;16:19:44:171;2.25;1.08
45;100;100;16:19:44:201;2.03;1.09
46;100;100;16:19:44:321;1.95;1.14
47;100;100;16:19:44:421;2.38;1.20

3o
3o;50.000;40.000;0.0;0.0
Index;Element;Marker;Time;Kraft Diff.;Weg
;;;;kN;mm
1;100;5000;16:07:13:285;1.55;0.00
2;100;100;16:07:13:911;1.55;0.00
3;100;100;16:07:14:511;1.87;0.00
4;100;100;16:07:15:110;1.78;0.00
5;100;100;16:07:15:710;1.63;0.00
6;100;100;16:07:16:310;2.08;0.00
7;100;100;16:07:16:911;1.91;0.00
8;100;100;16:07:17:511;1.88;0.00
9;100;100;16:07:18:110;2.17;0.00
10;100;100;16:07:18:710;2.04;0.00
11;100;100;16:07:19:310;2.08;0.01
12;100;100;16:07:19:911;2.30;0.03
13;100;100;16:07:20:150;1.94;0.05
14;100;100;16:07:20:521;1.95;0.09
15;100;100;16:07:20:620;2.20;0.10
16;100;100;16:07:21:130;2.10;0.15
17;100;100;16:07:21:140;2.04;0.16
18;100;100;16:07:21:351;2.26;0.20
19;100;100;16:07:21:560;1.94;0.26
20;100;100;16:07:21:761;2.19;0.29
21;100;100;16:07:21:921;2.01;0.31
22;100;100;16:07:22:081;2.04;0.36
23;100;100;16:07:22:210;2.19;0.41
24;100;100;16:07:22:390;1.98;0.45
25;100;100;16:07:22:440;2.13;0.46
26;100;100;16:07:22:591;1.90;0.51
27;100;100;16:07:22:761;1.98;0.56
28;100;100;16:07:22:890;2.19;0.61
29;100;100;16:07:23:011;1.90;0.66
30;100;100;16:07:23:040;1.80;0.67
31;100;100;16:07:23:181;2.12;0.72
32;100;100;16:07:23:321;1.97;0.77
33;100;100;16:07:23:431;1.91;0.82
34;100;100;16:07:23:571;2.26;0.87
35;100;100;16:07:23:681;2.05;0.92
36;100;100;16:07:23:690;2.03;0.92
37;100;100;16:07:23:831;2.10;0.98
38;100;100;16:07:23:950;2.27;1.03
39;100;100;16:07:24:071;2.04;1.09
40;100;100;16:07:24:190;2.24;1.14
41;100;100;16:07:24:331;2.36;1.19
42;100;100;16:07:24:341;2.20;1.20
43;100;100;16:07:24:421;2.04;1.24
44;100;100;16:07:24:581;2.35;1.29
45;100;100;16:07:24:671;2.44;1.34
46;100;100;16:07:24:771;2.02;1.40
47;100;100;16:07:24:921;2.37;1.45

4o
4o;50.000;40.000;0.0;0.0
Index;Element;Marker;Time;Kraft Diff.;Weg
;;;;kN;mm
1;100;5000;16:26:48:234;1.55;0.00
2;100;100;16:26:48:841;1.62;0.00
3;100;100;16:26:49:441;1.73;0.00
4;100;100;16:26:50:041;1.45;0.00
5;100;100;16:26:50:641;1.76;0.00
6;100;100;16:26:51:241;1.76;0.00
7;100;100;16:26:51:841;1.70;0.00
8;100;100;16:26:52:441;1.92;0.00
9;100;100;16:26:53:041;1.72;0.00
10;100;100;16:26:53:641;1.96;0.00
11;100;100;16:26:54:241;2.03;0.00
12;100;100;16:26:54:841;2.05;0.00
13;100;100;16:26:55:441;2.26;0.00
14;100;100;16:26:56:041;2.03;0.01
15;100;100;16:26:56:641;2.18;0.03
16;100;100;16:26:57:041;2.01;0.05
17;100;100;16:26:57:251;2.10;0.07
18;100;100;16:26:57:471;1.98;0.10
19;100;100;16:26:57:861;1.82;0.15
20;100;100;16:26:57:881;1.96;0.15
21;100;100;16:26:58:121;2.20;0.20
22;100;100;16:26:58:421;2.20;0.25
23;100;100;16:26:58:491;2.19;0.27
24;100;100;16:26:58:611;2.07;0.30
25;100;100;16:26:58:861;2.25;0.36
26;100;100;16:26:59:051;1.82;0.41
27;100;100;16:26:59:121;2.22;0.43
28;100;100;16:26:59:221;2.07;0.46
29;100;100;16:26:59:391;1.83;0.51
30;100;100;16:26:59:561;2.10;0.56
31;100;100;16:26:59:701;1.88;0.61
32;100;100;16:26:59:761;1.91;0.64
33;100;100;16:26:59:831;2.03;0.66
34;100;100;16:26:59:991;2.11;0.72
35;100;100;16:27:00:121;1.83;0.77
36;100;100;16:27:00:241;1.98;0.82
37;100;100;16:27:00:381;2.12;0.87
38;100;100;16:27:00:411;1.94;0.88
39;100;100;16:27:00:511;1.97;0.92
40;100;100;16:27:00:621;2.31;0.97
41;100;100;16:27:00:751;2.16;1.02
42;100;100;16:27:00:861;1.89;1.07
43;100;100;16:27:00:991;2.26;1.13
44;100;100;16:27:01:061;2.23;1.15
45;100;100;16:27:01:111;2.29;1.18
46;100;100;16:27:01:221;2.16;1.23
47;100;100;16:27:01:341;2.22;1.28
48;100;100;16:27:01:441;2.37;1.34
49;100;100;16:27:01:571;2.12;1.39
50;100;100;16:27:01:671;2.23;1.44

5o
5o;50.000;40.000;0.0;0.0
Index;Element;Marker;Time;Kraft Diff.;Weg
;;;;kN;mm
1;100;5000;16:32:04:639;1.32;0.00
2;100;100;16:32:05:081;1.10;0.00
3;100;100;16:32:05:681;1.33;0.00
4;100;100;16:32:06:281;1.35;0.00
5;100;100;16:32:06:881;1.15;0.00
6;100;100;16:32:07:481;1.42;0.00
7;100;100;16:32:08:081;1.56;0.00
8;100;100;16:32:08:681;1.45;0.00
9;100;100;16:32:09:281;1.72;0.00
10;100;100;16:32:09:881;1.61;0.00
11;100;100;16:32:10:481;1.47;0.00
12;100;100;16:32:11:081;1.94;0.00
13;100;100;16:32:11:681;1.78;0.00
14;100;100;16:32:12:281;1.92;0.00
15;100;100;16:32:12:881;2.04;0.00
16;100;100;16:32:13:481;1.83;0.00
17;100;100;16:32:14:081;2.10;0.00
18;100;100;16:32:14:681;2.22;0.00
19;100;100;16:32:15:281;2.11;0.01
20;100;100;16:32:15:881;2.31;0.01
21;100;100;16:32:16:481;2.20;0.02
22;100;100;16:32:17:081;2.17;0.04
23;100;100;16:32:17:311;2.38;0.05
24;100;100;16:32:17:691;2.38;0.08
25;100;100;16:32:18:011;2.41;0.10
26;100;100;16:32:18:301;2.20;0.15
27;100;100;16:32:18:361;2.38;0.16
28;100;100;16:32:18:751;2.40;0.21
29;100;100;16:32:18:921;2.04;0.24
30;100;100;16:32:19:081;2.45;0.26
31;100;100;16:32:19:421;2.40;0.31
32;100;100;16:32:19:541;2.32;0.34
33;100;100;16:32:19:631;2.23;0.36
34;100;100;16:32:19:891;2.43;0.41
35;100;100;16:32:20:091;2.20;0.46
36;100;100;16:32:20:171;2.33;0.48

6o
6o;50.000;40.000;0.0;0.0
Index;Element;Marker;Time;Kraft Diff.;Weg
;;;;kN;mm
1;100;5000;16:37:44:439;1.59;0.00
2;100;100;16:37:45:030;1.83;0.00
3;100;100;16:37:45:630;1.72;0.00
4;100;100;16:37:46:230;1.95;0.00
5;100;100;16:37:46:830;1.87;0.00
6;100;100;16:37:47:430;1.89;0.00
7;100;100;16:37:48:030;2.19;0.00
8;100;100;16:37:48:630;2.01;0.00
9;100;100;16:37:49:230;2.01;0.01
10;100;100;16:37:49:830;2.20;0.02
11;100;100;16:37:50:310;1.94;0.05
12;100;100;16:37:50:440;2.10;0.06
13;100;100;16:37:50:960;2.16;0.10
14;100;100;16:37:51:050;1.98;0.11
15;100;100;16:37:51:280;2.18;0.15
16;100;100;16:37:51:640;2.19;0.20
17;100;100;16:37:51:670;2.25;0.21
18;100;100;16:37:51:870;1.98;0.26
19;100;100;16:37:52:130;1.92;0.31
20;100;100;16:37:52:290;2.05;0.35
21;100;100;16:37:52:340;2.24;0.36
22;100;100;16:37:52:560;1.91;0.41
23;100;100;16:37:52:750;2.13;0.46
24;100;100;16:37:52:920;1.84;0.51
25;100;100;16:37:52:930;1.91;0.52
26;100;100;16:37:53:080;2.22;0.57
27;100;100;16:37:53:260;1.81;0.62
28;100;100;16:37:53:390;2.22;0.67
29;100;100;16:37:53:540;2.01;0.73
30;100;100;16:37:53:570;1.87;0.74
31;100;100;16:37:53:680;2.01;0.78
32;100;100;16:37:53:820;2.19;0.83
33;100;100;16:37:53:920;2.02;0.88
34;100;100;16:37:54:080;2.03;0.93
35;100;100;16:37:54:200;2.26;0.99
36;100;100;16:37:54:220;2.17;1.00
37;100;100;16:37:54:320;2.10;1.04
38;100;100;16:37:54:440;2.15;1.09
39;100;100;16:37:54:540;2.23;1.14
40;100;100;16:37:54:690;2.08;1.20
41;100;100;16:37:54:780;2.11;1.25
42;100;100;16:37:54:870;2.22;1.29
43;100;100;16:37:54:910;2.25;1.30
44;100;100;16:37:55:000;2.17;1.35

x
x;0.000;0.000;0.0;0.0
Index;Element;Marker;Time;Kraft Diff.;Weg
;;;;kN;mm
