Middle SStone
Parallel;2015-12-09;15:45:54;;;0;19:01:00;
30;1;20
0.0;0.0

1p-0
1p_0_0;50.000;40.000;0.0;0.0
Index;Element;Marker;Time;Kraft Diff.;Weg
;;;;kN;mm
1;100;5000;10:23:32:007;2.85;0.00
2;100;100;10:23:32:533;3.05;0.00
3;100;100;10:23:33:133;3.17;0.00
4;100;100;10:23:33:583;3.49;0.02
5;100;100;10:23:33:743;3.37;0.02
6;100;100;10:23:34:343;3.69;0.04
7;100;100;10:23:34:943;4.13;0.05
8;100;100;10:23:35:513;4.55;0.06
9;100;100;10:23:35:523;4.39;0.07
10;100;100;10:23:35:563;4.40;0.07
11;100;100;10:23:36:163;4.74;0.09
12;100;100;10:23:36:763;4.96;0.11
13;100;100;10:23:36:963;5.01;0.12
14;100;100;10:23:37:373;5.09;0.13
15;100;100;10:23:37:973;5.44;0.14
16;100;100;10:23:38:483;6.03;0.15
17;100;100;10:23:38:583;5.79;0.15
18;100;100;10:23:39:113;6.21;0.17
19;100;100;10:23:39:193;6.23;0.17
20;100;100;10:23:39:793;6.60;0.19
21;100;100;10:23:40:393;6.73;0.20
22;100;100;10:23:40:993;6.92;0.21
23;100;100;10:23:41:053;7.08;0.22
24;100;100;10:23:41:433;7.44;0.22
25;100;100;10:23:41:613;7.26;0.23
26;100;100;10:23:42:213;7.64;0.25
27;100;100;10:23:42:813;8.06;0.27
28;100;100;10:23:42:923;7.83;0.27
29;100;100;10:23:43:423;8.42;0.27
30;100;100;10:23:44:023;8.51;0.28
31;100;100;10:23:44:153;8.88;0.28
32;100;100;10:23:44:633;8.80;0.29
33;100;100;10:23:45:233;9.18;0.30
34;100;100;10:23:45:833;9.57;0.31
35;100;100;10:23:46:023;9.56;0.32
36;100;100;10:23:46:443;9.94;0.33
37;100;100;10:23:46:753;6.57;0.35
38;100;100;10:23:46:793;7.94;0.37
39;100;100;10:23:46:803;8.15;0.38
40;100;100;10:23:46:853;8.46;0.43
41;100;100;10:23:46:933;9.58;0.48
42;100;100;10:23:47:093;10.34;0.50

5p-20
5p_20_0;50.000;40.000;0.0;0.0
Index;Element;Marker;Time;Kraft Diff.;Weg
;;;;kN;mm
1;100;5000;10:40:49:120;2.96;0.00
2;100;100;10:40:49:245;2.86;0.00
3;100;100;10:40:49:844;3.01;0.00
4;100;100;10:40:50:444;3.43;0.00
5;100;100;10:40:51:044;3.70;0.02
6;100;100;10:40:51:395;3.85;0.03
7;100;100;10:40:51:654;3.88;0.04
8;100;100;10:40:52:254;4.16;0.06
9;100;100;10:40:52:754;4.50;0.08
10;100;100;10:40:52:774;4.63;0.08
11;100;100;10:40:52:875;4.50;0.08
12;100;100;10:40:53:475;4.98;0.10
13;100;100;10:40:54:074;5.10;0.11
14;100;100;10:40:54:674;5.30;0.12
15;100;100;10:40:54:815;5.55;0.13
16;100;100;10:40:55:284;5.68;0.15
17;100;100;10:40:55:544;6.08;0.16
18;100;100;10:40:55:895;6.18;0.16
19;100;100;10:40:56:464;6.21;0.18
20;100;100;10:40:56:504;6.30;0.18
21;100;100;10:40:57:105;6.53;0.19
22;100;100;10:40:57:705;7.01;0.20
23;100;100;10:40:58:304;7.35;0.22
24;100;100;10:40:58:324;7.49;0.22
25;100;100;10:40:58:855;7.32;0.23
26;100;100;10:40:58:924;7.55;0.23
27;100;100;10:40:59:524;7.65;0.25
28;100;100;10:41:00:125;7.94;0.26
29;100;100;10:41:00:725;8.52;0.27
30;100;100;10:41:01:324;8.85;0.27
31;100;100;10:41:01:355;8.97;0.27
32;100;100;10:41:01:844;8.88;0.28
33;100;100;10:41:01:944;8.96;0.28
34;100;100;10:41:02:544;9.36;0.29
35;100;100;10:41:03:145;9.78;0.31
36;100;100;10:41:03:745;10.07;0.32
37;100;100;10:41:03:915;9.75;0.33
38;100;100;10:41:04:074;10.38;0.33
39;100;100;10:41:04:364;10.28;0.34
40;100;100;10:41:04:734;7.80;0.34
41;100;100;10:41:04:765;7.75;0.38
42;100;100;10:41:04:844;8.96;0.44
43;100;100;10:41:04:864;9.37;0.45
44;100;100;10:41:04:915;9.78;0.49
45;100;100;10:41:05:015;10.36;0.53

3p-90
3p_90_0;50.000;40.000;0.0;0.0
Index;Element;Marker;Time;Kraft Diff.;Weg
;;;;kN;mm
1;100;5000;10:29:39:078;8.94;0.00
2;100;100;10:29:39:652;9.23;0.00
3;100;100;10:29:40:252;9.50;0.00
4;100;100;10:29:40:853;9.79;0.00
5;100;100;10:29:41:453;10.08;0.00
6;100;100;10:29:41:643;10.31;0.00
7;100;100;10:29:42:062;10.47;0.00
8;100;100;10:29:42:663;10.81;0.00
9;100;100;10:29:43:262;10.98;0.01
10;100;100;10:29:43:862;11.11;0.01
11;100;100;10:29:44:332;11.74;0.02
12;100;100;10:29:44:472;11.48;0.02
13;100;100;10:29:45:072;11.85;0.03
14;100;100;10:29:45:672;12.16;0.04
15;100;100;10:29:46:052;6.81;0.04
16;100;510;10:29:46:052;6.81;0.04
17;100;100;10:29:46:062;8.28;0.06

x
x;0.000;0.000;0.0;0.0
Index;Element;Marker;Time;Kraft Diff.;Weg
;;;;kN;mm

