Hard SS
Parallel;2015-11-27;13:43:58;;;0;03:10:00;
30;1;20
0.0;0.0

sample order
6p-45
9p-90
15p-0-5
2p-0-15
1p-0-30
18p-45-0
12p-67-15
19p-67-30
20p-90-30


15p
15p_0_5_2;50.000;40.000;0.0;0.0
Index;Element;Marker;Time;Kraft Diff.;Weg
;;;;kN;mm
1;100;5000;13:52:54:125;1.46;0.00
2;100;100;13:52:55:405;2.17;0.06
3;100;100;13:52:55:685;2.20;0.12
4;100;100;13:52:55:806;2.13;0.17
5;100;100;13:52:55:925;1.83;0.24
6;100;100;13:52:55:966;1.77;0.25
7;100;100;13:52:56:046;2.08;0.30
8;100;100;13:52:56:165;2.11;0.37
9;100;100;13:52:56:286;1.82;0.45
10;100;100;13:52:56:365;1.91;0.51
11;100;100;13:52:56:445;2.18;0.57
12;100;100;13:52:56:525;2.05;0.63
13;100;100;13:52:56:605;1.82;0.68
14;100;100;13:52:56:685;1.81;0.75
15;100;100;13:52:56:765;2.08;0.81
16;100;100;13:52:56:845;2.18;0.88
17;100;100;13:52:56:925;2.44;0.96
18;100;100;13:52:56:966;3.31;0.97
19;100;100;13:52:57:365;4.74;0.99
20;100;100;13:52:58:165;5.58;1.01
21;100;100;13:52:58:845;6.19;1.02
22;100;100;13:52:58:966;6.18;1.03
23;100;100;13:52:59:806;6.95;1.06
24;100;100;13:53:00:325;7.62;1.07
25;100;100;13:53:01:445;8.41;1.08
26;100;100;13:53:01:966;9.15;1.09
27;100;100;13:53:03:445;10.66;1.10
28;100;100;13:53:03:886;10.89;1.11
29;100;100;13:53:03:966;10.84;1.11
30;100;100;13:53:05:085;12.19;1.11
31;100;100;13:53:06:405;13.21;1.12
32;100;100;13:53:06:525;13.82;1.12
33;100;100;13:53:07:886;15.28;1.13
34;100;100;13:53:08:886;16.03;1.14
35;100;100;13:53:09:525;16.79;1.14
36;100;100;13:53:11:206;18.29;1.15
37;100;100;13:53:11:366;18.70;1.15
38;100;100;13:53:11:886;18.88;1.16
39;100;100;13:53:12:646;19.99;1.16
40;100;100;13:53:13:845;20.49;1.17
41;100;100;13:53:14:005;21.51;1.18
42;100;100;13:53:15:646;23.12;1.18
43;100;100;13:53:16:325;23.82;1.19
44;100;100;13:53:17:366;24.57;1.20
45;100;100;13:53:18:765;25.89;1.20
46;100;100;13:53:18:966;26.16;1.20
47;100;100;13:53:19:605;26.83;1.21
48;100;100;13:53:20:325;27.82;1.21
49;100;100;13:53:21:286;28.86;1.22
50;100;100;13:53:21:685;29.28;1.22
51;100;100;13:53:22:325;30.83;1.23
52;100;100;13:53:22:726;29.42;1.23
53;100;100;13:53:23:245;30.86;1.23
54;100;100;13:53:23:605;32.29;1.24
55;100;100;13:53:23:886;31.52;1.24
56;100;100;13:53:24:046;30.82;1.24
57;100;100;13:53:24:966;32.27;1.24
58;100;100;13:53:25:245;33.79;1.25
59;100;100;13:53:25:765;32.15;1.25
60;100;100;13:53:26:445;33.60;1.26
61;100;100;13:53:26:485;33.45;1.26
62;100;100;13:53:26:605;34.90;1.26
63;100;100;13:53:26:646;35.02;1.26
64;100;100;13:53:27:445;33.53;1.26
65;100;100;13:53:27:925;35.13;1.26
66;100;100;13:53:28:126;36.58;1.27
67;100;100;13:53:28:525;35.08;1.27
68;100;100;13:53:29:126;36.46;1.27
69;100;100;13:53:29:165;36.96;1.27
70;100;100;13:53:29:566;38.40;1.28
71;100;100;13:53:30:085;36.76;1.27
72;100;100;13:53:31:085;38.44;1.28
73;100;100;13:53:31:366;39.94;1.28
74;100;100;13:53:31:726;39.83;1.28
75;100;100;13:53:32:206;38.34;1.29
76;100;100;13:53:33:046;40.41;1.29
77;100;100;13:53:33:405;42.21;1.30
78;100;100;13:53:34:165;40.46;1.30
79;100;100;13:53:34:286;40.03;1.30
80;100;100;13:53:34:765;40.99;1.31
81;100;100;13:53:35:005;42.06;1.31
82;100;100;13:53:35:245;43.84;1.31
83;100;100;13:53:36:206;42.06;1.32
84;100;100;13:53:36:845;42.76;1.32
85;100;100;13:53:36:925;43.69;1.32
86;100;100;13:53:37:126;45.42;1.33
87;100;100;13:53:38:206;43.94;1.33
88;100;100;13:53:38:886;45.53;1.33
89;100;100;13:53:39:126;47.03;1.33
90;100;100;13:53:39:445;47.42;1.33
91;100;100;13:53:39:806;48.46;1.34
92;100;100;13:53:41:886;48.04;1.35
93;100;100;13:53:43:126;50.14;1.35
94;100;100;13:53:43:366;51.79;1.35
95;100;100;13:53:44:366;50.67;1.36
96;100;100;13:53:44:405;50.27;1.36
97;100;510;13:53:45:005;50.29;1.36
98;100;100;13:53:45:046;26.82;1.36

2p
2p_0_15;50.000;40.000;0.0;0.0
Index;Element;Marker;Time;Kraft Diff.;Weg
;;;;kN;mm
1;100;5000;14:26:42:959;1.40;0.00
2;100;100;14:26:44:206;2.08;0.02
3;100;100;14:26:44:366;2.20;0.05
4;100;100;14:26:44:566;2.10;0.11
5;100;100;14:26:44:726;1.89;0.17
6;100;100;14:26:44:846;2.35;0.23
7;100;100;14:26:45:006;1.91;0.31
8;100;100;14:26:45:086;1.84;0.37
9;100;100;14:26:45:206;2.17;0.45
10;100;100;14:26:45:286;2.24;0.51
11;100;100;14:26:45:366;1.98;0.56
12;100;100;14:26:45:446;1.84;0.62
13;100;100;14:26:45:526;1.94;0.69
14;100;100;14:26:45:606;2.18;0.75
15;100;100;14:26:45:686;2.40;0.83
16;100;100;14:26:45:726;2.93;0.85
17;100;100;14:26:45:886;4.38;0.87
18;100;100;14:26:46:446;4.77;0.88
19;100;100;14:26:47:246;5.55;0.91
20;100;100;14:26:47:366;5.83;0.91
21;100;100;14:26:47:846;6.18;0.93
22;100;100;14:26:49:126;7.41;0.97
23;100;100;14:26:49:766;7.82;0.98
24;100;100;14:26:50:086;8.33;0.98
25;100;100;14:26:50:606;8.84;0.99
26;100;100;14:26:52:046;10.27;1.00
27;100;100;14:26:52:286;10.27;1.01
28;100;100;14:26:53:526;11.78;1.01
29;100;100;14:26:54:726;12.76;1.02
30;100;100;14:26:54:966;13.30;1.02
31;100;100;14:26:56:406;14.78;1.03
32;100;100;14:26:56:526;14.89;1.04
33;100;100;14:26:57:246;15.22;1.04
34;100;100;14:26:57:886;16.33;1.05
35;100;100;14:26:59:326;17.82;1.06
36;100;100;14:26:59:726;17.95;1.06
37;100;100;14:27:00:686;19.28;1.07
38;100;100;14:27:02:166;20.41;1.08
39;100;100;14:27:02:406;20.74;1.08
40;100;100;14:27:03:766;22.06;1.09
41;100;100;14:27:03:806;22.20;1.09
42;100;100;14:27:04:686;22.72;1.09
43;100;100;14:27:05:166;23.61;1.09
44;100;100;14:27:06:606;25.31;1.10
45;100;100;14:27:07:166;25.33;1.10
46;100;100;14:27:08:326;26.77;1.11
47;100;100;14:27:09:606;27.19;1.12
48;100;100;14:27:09:926;28.44;1.12
49;100;100;14:27:11:126;29.89;1.13
50;100;100;14:27:12:086;31.14;1.14
51;100;100;14:27:12:126;31.65;1.14
52;100;100;14:27:12:166;31.59;1.14
53;100;100;14:27:12:286;30.04;1.14
54;100;100;14:27:12:526;31.74;1.14
55;100;100;14:27:12:766;30.26;1.14
56;100;100;14:27:13:006;32.06;1.15
57;100;100;14:27:13:246;30.58;1.14
58;100;100;14:27:13:446;32.10;1.15
59;100;100;14:27:13:726;30.63;1.15
60;100;100;14:27:13:886;32.08;1.15
61;100;100;14:27:14:446;33.81;1.15
62;100;100;14:27:14:686;32.14;1.15
63;100;100;14:27:14:886;33.54;1.16
64;100;100;14:27:15:006;34.47;1.16
65;100;100;14:27:15:526;35.23;1.16
66;100;100;14:27:15:686;33.01;1.16
67;100;100;14:27:15:966;34.79;1.16
68;100;100;14:27:16:286;33.31;1.16
69;100;100;14:27:16:446;34.77;1.16
70;100;100;14:27:16:606;36.22;1.16
71;100;100;14:27:16:766;34.65;1.16
72;100;100;14:27:17:086;36.27;1.17
73;100;100;14:27:17:406;34.69;1.17
74;100;100;14:27:17:686;36.84;1.17
75;100;100;14:27:17:806;37.06;1.17
76;100;100;14:27:17:966;35.44;1.17
77;100;100;14:27:18:246;37.17;1.17
78;100;100;14:27:18:606;35.64;1.17
79;100;100;14:27:18:846;37.96;1.17
80;100;100;14:27:19:206;36.44;1.17
81;100;100;14:27:19:526;39.02;1.18
82;100;100;14:27:19:766;37.42;1.18
83;100;100;14:27:20:206;39.77;1.18
84;100;100;14:27:20:526;38.22;1.19
85;100;100;14:27:20:566;37.66;1.18
86;100;100;14:27:20:686;37.71;1.19
87;100;100;14:27:20:886;40.30;1.19
88;100;100;14:27:21:326;38.34;1.19
89;100;100;14:27:21:646;39.89;1.20
90;100;100;14:27:21:846;41.57;1.20
91;100;100;14:27:22:086;39.71;1.20
92;100;100;14:27:22:526;41.43;1.20
93;100;100;14:27:23:246;41.35;1.20
94;100;100;14:27:23:966;42.89;1.21
95;100;100;14:27:24:286;44.32;1.22
96;100;100;14:27:25:006;42.67;1.22
97;100;100;14:27:25:766;42.72;1.22
98;100;100;14:27:25:966;44.38;1.22
99;100;100;14:27:26:206;45.97;1.22
100;100;100;14:27:27:166;44.45;1.22
101;100;100;14:27:28:286;44.71;1.23
102;100;100;14:27:29:206;45.90;1.23
103;100;100;14:27:30:006;47.44;1.24
104;100;100;14:27:30:046;47.70;1.24
105;100;100;14:27:30:206;49.07;1.24
106;100;100;14:27:30:566;50.48;1.24
107;100;100;14:27:30:886;51.31;1.24
108;100;100;14:27:31:566;48.93;1.24
109;100;100;14:27:33:006;50.60;1.25
110;100;100;14:27:33:246;52.51;1.25
111;100;100;14:27:33:406;53.27;1.25
112;100;100;14:27:33:606;54.06;1.25
113;100;100;14:27:34:366;52.01;1.25
114;100;100;14:27:34:726;50.46;1.25
115;100;100;14:27:35:366;52.60;1.25
116;100;100;14:27:35:486;54.24;1.25
117;100;100;14:27:35:806;55.64;1.25
118;100;100;14:27:36:046;56.41;1.26
119;100;100;14:27:36:206;57.14;1.26
120;100;100;14:27:36:446;55.51;1.26
121;100;100;14:27:36:766;54.09;1.26
122;100;510;14:27:37:006;52.90;1.26
123;100;100;14:27:37:046;33.51;1.27

1p
1p_0_30;50.000;40.000;0.0;0.0
Index;Element;Marker;Time;Kraft Diff.;Weg
;;;;kN;mm
1;100;5000;14:19:32:729;1.21;0.00
2;100;100;14:19:34:229;2.09;0.05
3;100;100;14:19:34:429;2.48;0.11
4;100;100;14:19:34:749;3.08;0.15
5;100;100;14:19:34:829;3.23;0.16
6;100;100;14:19:35:109;3.53;0.16
7;100;100;14:19:36:189;4.59;0.21
8;100;100;14:19:36:308;4.74;0.22
9;100;100;14:19:37:349;5.69;0.25
10;100;100;14:19:37:669;6.01;0.26
11;100;100;14:19:37:869;6.15;0.27
12;100;100;14:19:39:149;7.50;0.29
13;100;100;14:19:39:869;8.11;0.29
14;100;100;14:19:40:628;8.94;0.30
15;100;100;14:19:42:069;10.38;0.31
16;100;100;14:19:42:349;10.62;0.31
17;100;100;14:19:42:388;10.60;0.32
18;100;100;14:19:43:308;11.81;0.33
19;100;100;14:19:44:829;12.91;0.34
20;100;100;14:19:44:989;13.26;0.34
21;100;100;14:19:46:229;14.73;0.35
22;100;100;14:19:47:308;15.81;0.36
23;100;100;14:19:47:589;16.29;0.36
24;100;100;14:19:47:869;16.32;0.37
25;100;100;14:19:49:349;17.77;0.37
26;100;100;14:19:49:829;18.49;0.38
27;100;100;14:19:50:789;19.28;0.38
28;100;100;14:19:51:949;20.73;0.39
29;100;100;14:19:52:308;20.95;0.39
30;100;100;14:19:53:709;22.28;0.40
31;100;100;14:19:54:749;23.17;0.40
32;100;100;14:19:55:149;23.74;0.41
33;100;100;14:19:56:388;24.79;0.42
34;100;100;14:19:56:628;25.25;0.42
35;100;100;14:19:57:269;25.48;0.42
36;100;100;14:19:58:069;26.79;0.43
37;100;100;14:19:59:709;27.88;0.44
38;100;100;14:19:59:909;28.33;0.44
39;100;100;14:20:00:589;29.75;0.45
40;100;100;14:20:02:189;30.59;0.46
41;100;100;14:20:02:308;31.30;0.46
42;100;100;14:20:03:709;32.81;0.47
43;100;100;14:20:04:029;31.41;0.47
44;100;100;14:20:04:109;32.08;0.47
45;100;100;14:20:04:269;33.05;0.47
46;100;100;14:20:04:789;32.42;0.47
47;100;510;14:20:05:069;34.00;0.48
48;100;100;14:20:05:109;15.70;0.50

18p
18p_45_0;50.000;40.000;0.0;0.0
Index;Element;Marker;Time;Kraft Diff.;Weg
;;;;kN;mm
1;100;5000;15:05:58:030;1.77;0.00
2;100;100;15:05:59:066;2.09;0.06
3;100;100;15:05:59:266;2.29;0.11
4;100;100;15:05:59:386;2.12;0.16
5;100;100;15:05:59:506;1.76;0.22
6;100;100;15:05:59:626;1.94;0.29
7;100;100;15:05:59:746;2.31;0.36
8;100;100;15:05:59:866;1.91;0.43
9;100;100;15:05:59:946;1.88;0.50
10;100;100;15:06:00:026;2.07;0.55
11;100;100;15:06:00:106;2.17;0.62
12;100;100;15:06:00:186;2.18;0.67
13;100;100;15:06:00:266;1.87;0.74
14;100;100;15:06:00:346;1.82;0.80
15;100;100;15:06:00:426;2.26;0.87
16;100;100;15:06:00:466;3.20;0.90
17;100;100;15:06:00:546;4.30;0.94
18;100;100;15:06:00:586;4.26;0.94
19;100;100;15:06:00:826;4.67;0.95
20;100;100;15:06:02:386;6.21;0.96
21;100;100;15:06:03:066;6.64;0.97
22;100;100;15:06:03:946;7.62;0.98
23;100;100;15:06:05:506;9.05;0.99
24;100;100;15:06:05:546;8.99;0.99
25;100;100;15:06:06:226;9.58;0.99
26;100;100;15:06:06:866;10.48;1.00
27;100;100;15:06:08:026;11.65;1.02
28;100;100;15:06:08:386;12.02;1.03
29;100;100;15:06:09:306;12.62;1.04
30;100;100;15:06:09:946;13.49;1.06
31;100;100;15:06:10:546;13.95;1.06
32;100;100;15:06:11:506;15.18;1.07
33;100;100;15:06:12:986;16.30;1.09
34;100;100;15:06:13:066;16.74;1.09
35;100;100;15:06:13:706;16.92;1.09
36;100;100;15:06:14:626;18.20;1.10
37;100;100;15:06:15:506;19.20;1.10
38;100;100;15:06:15:866;19.61;1.10
39;100;100;15:06:17:426;21.30;1.11
40;100;100;15:06:17:986;21.22;1.11
41;100;100;15:06:18:986;22.80;1.12
42;100;100;15:06:20:426;23.93;1.12
43;100;100;15:06:20:506;24.25;1.12
44;100;100;15:06:22:066;25.82;1.13
45;100;100;15:06:22:906;26.52;1.14
46;100;100;15:06:23:626;27.38;1.14
47;100;100;15:06:25:186;28.93;1.15
48;100;100;15:06:25:386;28.84;1.15
49;100;100;15:06:26:746;30.46;1.16
50;100;100;15:06:27:826;31.50;1.16
51;100;100;15:06:28:226;31.92;1.17
52;100;100;15:06:29:746;33.38;1.18
53;100;100;15:06:30:306;33.85;1.18
54;100;100;15:06:31:026;34.79;1.18
55;100;100;15:06:32:546;36.24;1.19
56;100;100;15:06:32:786;36.34;1.19
57;100;100;15:06:32:946;36.44;1.19
58;100;100;15:06:34:026;37.66;1.20
59;100;100;15:06:35:266;38.56;1.20
60;100;100;15:06:35:506;39.14;1.20
61;100;100;15:06:36:666;40.60;1.21
62;100;100;15:06:37:746;41.28;1.21
63;100;100;15:06:38:226;42.27;1.22
64;100;100;15:06:39:466;43.69;1.22
65;100;100;15:06:40:226;43.77;1.22
66;100;100;15:06:41:106;45.22;1.23
67;100;100;15:06:42:666;46.91;1.24
68;100;100;15:06:42:706;46.85;1.24
69;100;510;15:06:42:866;46.25;1.24
70;100;100;15:06:42:906;29.87;1.25

6p
6p_45_12;50.000;40.000;0.0;0.0
Index;Element;Marker;Time;Kraft Diff.;Weg
;;;;kN;mm
1;100;5000;15:31:23:556;1.38;0.00
2;100;100;15:31:24:831;2.19;0.02
3;100;100;15:31:24:992;2.12;0.06
4;100;100;15:31:25:191;2.08;0.12
5;100;100;15:31:25:312;2.17;0.17
6;100;100;15:31:25:432;2.09;0.22
7;100;100;15:31:25:551;2.09;0.29
8;100;100;15:31:25:671;2.30;0.36
9;100;100;15:31:25:751;2.24;0.41
10;100;100;15:31:25:871;1.73;0.50
11;100;100;15:31:25:952;1.84;0.56
12;100;100;15:31:26:031;2.13;0.63
13;100;100;15:31:26:112;2.31;0.68
14;100;100;15:31:26:191;2.05;0.74
15;100;100;15:31:26:272;2.00;0.81
16;100;100;15:31:26:391;2.64;0.91
17;100;100;15:31:26:432;3.56;0.93
18;100;100;15:31:26:511;4.26;0.98
19;100;100;15:31:27:031;4.98;1.00
20;100;100;15:31:27:911;5.78;1.01
21;100;100;15:31:28:551;6.40;1.01
22;100;100;15:31:30:031;7.83;1.03
23;100;100;15:31:30:391;8.02;1.03
24;100;100;15:31:30:592;8.32;1.03
25;100;100;15:31:31:551;9.27;1.05
26;100;100;15:31:32:871;10.49;1.08
27;100;100;15:31:33:031;10.70;1.08
28;100;100;15:31:33:071;10.89;1.09
29;100;100;15:31:34:312;12.10;1.11
30;100;100;15:31:35:391;13.22;1.12
31;100;100;15:31:35:751;13.59;1.12
32;100;100;15:31:37:031;14.69;1.14
33;100;100;15:31:37:231;15.14;1.14
34;100;100;15:31:37:911;15.61;1.14
35;100;100;15:31:38:671;16.56;1.14
36;100;100;15:31:40:231;18.20;1.15
37;100;100;15:31:40:391;17.98;1.15
38;100;100;15:31:41:671;19.69;1.16
39;100;100;15:31:42:831;20.51;1.16
40;100;100;15:31:43:432;21.39;1.16
41;100;100;15:31:44:992;22.96;1.17
42;100;100;15:31:45:312;22.94;1.18
43;100;100;15:31:46:432;24.38;1.18
44;100;100;15:31:47:112;24.93;1.19
45;100;100;15:31:47:792;25.67;1.19
46;100;100;15:31:47:871;25.83;1.19
47;100;100;15:31:48:952;27.29;1.20
48;100;100;15:31:50:031;28.86;1.21
49;100;100;15:31:50:191;27.08;1.21
50;100;100;15:31:50:351;27.37;1.21
51;100;100;15:31:50:432;28.92;1.21
52;100;100;15:31:50:751;27.51;1.21
53;100;100;15:31:50:992;29.46;1.22
54;100;100;15:31:51:231;27.64;1.21
55;100;100;15:31:51:391;29.14;1.22
56;100;100;15:31:51:952;30.74;1.22
57;100;100;15:31:52:191;29.12;1.22
58;100;100;15:31:52:432;30.80;1.22
59;100;100;15:31:52:751;29.23;1.22
60;100;100;15:31:52:952;31.25;1.23
61;100;100;15:31:53:152;31.01;1.23
62;100;100;15:31:53:272;29.68;1.23
63;100;100;15:31:53:472;31.21;1.23
64;100;100;15:31:53:632;32.75;1.23
65;100;100;15:31:53:792;30.46;1.23
66;100;100;15:31:54:031;32.62;1.23
67;100;100;15:31:54:351;31.02;1.23
68;100;100;15:31:54:592;33.06;1.23
69;100;100;15:31:54:911;31.47;1.23
70;100;100;15:31:55:112;32.94;1.23
71;100;100;15:31:55:231;34.15;1.24
72;100;100;15:31:55:751;34.58;1.24
73;100;100;15:31:55:992;33.79;1.24
74;100;100;15:31:56:031;33.17;1.24
75;100;100;15:31:56:351;35.16;1.24
76;100;100;15:31:56:671;33.56;1.24
77;100;100;15:31:57:031;35.68;1.25
78;100;100;15:31:57:351;33.74;1.25
79;100;100;15:31:57:632;35.20;1.25
80;100;100;15:31:57:792;36.90;1.25
81;100;100;15:31:58:031;35.23;1.25
82;100;100;15:31:58:391;37.19;1.25
83;100;100;15:31:58:751;35.60;1.25
84;100;100;15:31:58:792;35.12;1.25
85;100;100;15:31:59:071;37.01;1.25
86;100;100;15:31:59:511;35.61;1.26
87;100;100;15:31:59:831;37.16;1.26
88;100;100;15:31:59:952;39.02;1.26
89;100;100;15:32:00:391;37.20;1.26
90;100;100;15:32:00:711;39.18;1.26
91;100;100;15:32:01:231;37.78;1.26
92;100;100;15:32:01:472;37.80;1.26
93;100;100;15:32:01:592;39.26;1.26
94;100;100;15:32:01:751;40.77;1.27
95;100;100;15:32:02:112;39.21;1.27
96;100;100;15:32:02:511;40.67;1.27
97;100;100;15:32:02:632;42.09;1.27
98;100;100;15:32:03:071;40.49;1.27
99;100;100;15:32:03:272;39.02;1.27
100;100;100;15:32:03:511;40.46;1.27
101;100;100;15:32:03:711;42.26;1.28
102;100;100;15:32:04:231;40.86;1.28
103;100;100;15:32:04:272;40.34;1.28
104;100;100;15:32:04:592;42.22;1.28
105;100;100;15:32:04:671;43.82;1.28
106;100;100;15:32:05:312;42.16;1.28
107;100;100;15:32:05:792;43.43;1.29
108;100;100;15:32:05:871;44.32;1.29
109;100;100;15:32:06:152;45.86;1.29
110;100;100;15:32:06:511;43.81;1.29
111;100;100;15:32:06:671;42.40;1.29
112;100;100;15:32:06:952;43.90;1.29
113;100;100;15:32:07:031;45.03;1.30
114;100;100;15:32:07:112;45.94;1.30
115;100;100;15:32:07:751;44.04;1.30
116;100;100;15:32:08:511;45.72;1.31
117;100;100;15:32:08:671;47.18;1.31
118;100;100;15:32:08:952;48.74;1.31
119;100;100;15:32:09:632;47.63;1.31
120;100;100;15:32:09:711;47.30;1.31
121;100;100;15:32:09:992;45.66;1.31
122;100;100;15:32:10:592;47.19;1.31
123;100;100;15:32:10:792;48.85;1.32
124;100;100;15:32:10:992;50.53;1.32
125;100;100;15:32:11:831;49.12;1.32
126;100;100;15:32:12:031;47.67;1.32
127;100;100;15:32:12:312;47.63;1.32
128;100;100;15:32:12:671;49.28;1.32
129;100;100;15:32:12:871;51.56;1.33
130;100;100;15:32:13:152;52.97;1.33
131;100;510;15:32:13:632;52.94;1.33
132;100;100;15:32:13:671;35.15;1.36

12p
12p_67_15;50.000;40.000;0.0;0.0
Index;Element;Marker;Time;Kraft Diff.;Weg
;;;;kN;mm
1;100;5000;16:12:49:877;1.32;0.00
2;100;100;16:12:51:188;2.02;0.02
3;100;100;16:12:51:348;2.08;0.06
4;100;100;16:12:51:508;2.11;0.12
5;100;100;16:12:51:628;1.91;0.18
6;100;100;16:12:51:748;2.20;0.24
7;100;100;16:12:51:868;2.15;0.31
8;100;100;16:12:51:988;1.77;0.38
9;100;100;16:12:52:068;1.86;0.44
10;100;100;16:12:52:148;2.09;0.51
11;100;100;16:12:52:228;2.17;0.57
12;100;100;16:12:52:308;2.09;0.63
13;100;100;16:12:52:388;1.96;0.69
14;100;100;16:12:52:468;2.05;0.75
15;100;100;16:12:52:548;2.37;0.83
16;100;100;16:12:52:628;3.13;0.90
17;100;100;16:12:53:148;4.57;0.92
18;100;100;16:12:54:188;5.36;0.94
19;100;100;16:12:54:668;6.03;0.94
20;100;100;16:12:55:108;6.57;0.95
21;100;100;16:12:56:188;7.51;0.99
22;100;100;16:12:56:588;7.89;1.00
23;100;100;16:12:56:748;8.03;1.01
24;100;100;16:12:57:708;9.05;1.02
25;100;100;16:12:59:188;10.51;1.04
26;100;100;16:12:59:228;10.51;1.04
27;100;100;16:13:00:668;11.84;1.05
28;100;100;16:13:00:708;11.97;1.05
29;100;100;16:13:01:708;12.85;1.06
30;100;100;16:13:02:188;13.51;1.06
31;100;100;16:13:03:708;15.04;1.07
32;100;100;16:13:04:188;15.43;1.07
33;100;100;16:13:05:188;16.58;1.08
34;100;100;16:13:06:628;17.82;1.09
35;100;100;16:13:06:708;17.99;1.09
36;100;100;16:13:08:188;19.67;1.10
37;100;100;16:13:09:108;20.14;1.10
38;100;100;16:13:09:148;20.24;1.10
39;100;100;16:13:09:748;21.30;1.11
40;100;100;16:13:11:228;22.78;1.12
41;100;100;16:13:11:628;22.96;1.12
42;100;100;16:13:12:668;24.24;1.13
43;100;100;16:13:14:068;25.08;1.13
44;100;100;16:13:14:228;25.71;1.13
45;100;100;16:13:15:668;27.25;1.14
46;100;100;16:13:16:548;27.74;1.15
47;100;100;16:13:17:148;28.69;1.15
48;100;100;16:13:17:628;28.89;1.15
49;100;100;16:13:18:868;30.16;1.16
50;100;100;16:13:19:068;30.38;1.16
51;100;100;16:13:20:348;31.64;1.16
52;100;100;16:13:21:508;33.06;1.17
53;100;100;16:13:21:548;32.92;1.17
54;100;100;16:13:23:268;34.67;1.18
55;100;100;16:13:23:988;35.20;1.19
56;100;100;16:13:24:828;36.14;1.19
57;100;100;16:13:26:188;37.67;1.20
58;100;100;16:13:26:468;37.68;1.20
59;100;100;16:13:27:188;38.16;1.20
60;100;100;16:13:27:628;39.15;1.21
61;100;100;16:13:28:948;39.89;1.21
62;100;100;16:13:29:108;40.63;1.21
63;100;100;16:13:30:628;42.10;1.22
64;100;100;16:13:31:428;42.96;1.22
65;100;100;16:13:32:028;43.58;1.23
66;100;510;16:13:32:428;43.28;1.23
67;100;100;16:13:32:468;21.72;1.24

19p
19p_67_30;50.000;40.000;0.0;0.0
Index;Element;Marker;Time;Kraft Diff.;Weg
;;;;kN;mm
1;100;5000;15:47:31:395;1.81;0.00
2;100;100;15:47:32:511;1.94;0.05
3;100;100;15:47:32:711;2.11;0.11
4;100;100;15:47:32:751;2.12;0.12
5;100;100;15:47:32:871;2.01;0.17
6;100;100;15:47:33:031;2.25;0.24
7;100;100;15:47:33:151;1.96;0.30
8;100;100;15:47:33:271;1.84;0.36
9;100;100;15:47:33:351;2.13;0.41
10;100;100;15:47:33:471;2.12;0.49
11;100;100;15:47:33:551;1.95;0.55
12;100;100;15:47:33:671;2.03;0.63
13;100;100;15:47:33:751;2.19;0.69
14;100;100;15:47:33:871;1.97;0.78
15;100;100;15:47:33:951;2.09;0.84
16;100;100;15:47:34:031;3.65;0.90
17;100;100;15:47:34:711;5.17;0.92
18;100;100;15:47:35:671;5.88;0.93
19;100;100;15:47:35:991;6.18;0.95
20;100;100;15:47:36:271;6.68;0.96
21;100;100;15:47:37:311;7.56;1.00
22;100;100;15:47:37:991;8.19;1.01
23;100;100;15:47:38:231;8.31;1.02
24;100;100;15:47:39:471;9.68;1.03
25;100;100;15:47:40:671;10.71;1.04
26;100;100;15:47:40:951;11.16;1.05
27;100;100;15:47:41:271;11.40;1.05
28;100;100;15:47:42:311;12.59;1.06
29;100;100;15:47:43:191;13.22;1.06
30;100;100;15:47:44:031;14.01;1.07
31;100;100;15:47:45:231;15.56;1.08
32;100;100;15:47:45:671;15.77;1.08
33;100;100;15:47:46:671;17.06;1.09
34;100;100;15:47:47:511;17.32;1.10
35;100;100;15:47:48:151;18.16;1.10
36;100;100;15:47:48:391;18.63;1.10
37;100;100;15:47:49:791;20.06;1.11
38;100;100;15:47:50:631;20.87;1.12
39;100;100;15:47:51:231;21.71;1.12
40;100;100;15:47:52:951;23.24;1.13
41;100;100;15:47:53:111;23.01;1.14
42;100;100;15:47:54:351;24.65;1.14
43;100;100;15:47:55:111;25.55;1.15
44;100;100;15:47:55:591;25.82;1.15
45;100;100;15:47:55:791;26.30;1.15
46;100;100;15:47:57:551;28.01;1.16
47;100;100;15:47:58:071;27.94;1.16
48;100;100;15:47:58:991;29.47;1.17
49;100;100;15:48:00:511;30.45;1.18
50;100;100;15:48:00:671;30.88;1.18
51;100;100;15:48:02:111;32.43;1.19
52;100;100;15:48:02:991;33.11;1.20
53;100;100;15:48:03:191;33.58;1.20
54;100;100;15:48:03:471;33.85;1.20
55;100;100;15:48:05:031;35.31;1.21
56;100;100;15:48:05:511;35.86;1.21
57;100;100;15:48:06:471;37.10;1.22
58;100;100;15:48:07:431;38.50;1.22
59;100;100;15:48:07:591;36.78;1.23
60;100;100;15:48:07:751;38.85;1.23
61;100;100;15:48:07:951;37.27;1.23
62;100;100;15:48:08:111;38.56;1.23
63;100;100;15:48:08:151;39.15;1.23
64;100;100;15:48:08:351;37.53;1.23
65;100;100;15:48:08:511;39.92;1.24
66;100;100;15:48:08:671;37.61;1.23
67;100;100;15:48:08:831;39.82;1.24
68;100;100;15:48:09:031;37.79;1.24
69;100;100;15:48:09:151;39.46;1.24
70;100;100;15:48:09:551;41.19;1.25
71;100;100;15:48:09:671;39.42;1.24
72;100;100;15:48:09:871;41.69;1.25
73;100;100;15:48:09:911;41.57;1.25
74;100;100;15:48:09:991;40.15;1.25
75;100;100;15:48:10:071;38.58;1.25
76;100;100;15:48:10:151;40.12;1.25
77;100;100;15:48:10:231;42.05;1.25
78;100;100;15:48:10:351;39.99;1.25
79;100;100;15:48:10:551;42.42;1.25
80;100;100;15:48:10:671;40.70;1.25
81;100;100;15:48:10:751;39.17;1.25
82;100;100;15:48:10:831;40.69;1.25
83;100;100;15:48:10:911;42.79;1.26
84;100;100;15:48:11:031;40.63;1.25
85;100;100;15:48:11:231;43.01;1.26
86;100;100;15:48:11:391;40.15;1.26
87;100;100;15:48:11:471;39.91;1.26
88;100;100;15:48:11:551;42.70;1.26
89;100;100;15:48:11:751;40.25;1.26
90;100;100;15:48:11:871;42.22;1.26
91;100;100;15:48:11:911;43.89;1.26
92;100;100;15:48:12:071;41.04;1.26
93;100;100;15:48:12:231;42.76;1.26
94;100;100;15:48:12:311;44.40;1.26
95;100;100;15:48:12:431;42.86;1.26
96;100;100;15:48:12:511;40.89;1.26
97;100;100;15:48:12:631;43.38;1.26
98;100;100;15:48:12:671;44.86;1.26
99;100;100;15:48:12:791;42.47;1.26
100;100;100;15:48:12:991;44.51;1.26
101;100;100;15:48:13:151;42.63;1.26
102;100;100;15:48:13:391;44.96;1.27
103;100;100;15:48:13:551;42.96;1.26
104;100;100;15:48:13:751;45.78;1.27
105;100;100;15:48:13:911;43.60;1.27
106;100;100;15:48:14:151;46.04;1.27
107;100;100;15:48:14:311;43.68;1.27
108;100;100;15:48:14:551;46.36;1.27
109;100;100;15:48:14:711;44.03;1.27
110;100;100;15:48:14:751;43.08;1.27
111;100;100;15:48:14:911;45.73;1.27
112;100;100;15:48:14:991;47.24;1.27
113;100;100;15:48:15:111;44.78;1.27
114;100;100;15:48:15:151;43.34;1.27
115;100;100;15:48:15:271;45.18;1.27
116;100;100;15:48:15:311;46.95;1.27
117;100;100;15:48:15:511;45.10;1.27
118;100;100;15:48:15:551;43.65;1.27
119;100;100;15:48:15:671;45.71;1.27
120;100;100;15:48:15:711;47.52;1.28
121;100;100;15:48:15:871;46.04;1.27
122;100;100;15:48:15:951;44.03;1.27
123;100;510;15:48:16:031;44.36;1.28

20p
20p_90_30;50.000;40.000;0.0;0.0
Index;Element;Marker;Time;Kraft Diff.;Weg
;;;;kN;mm
1;100;5000;14:38:48:790;10.26;0.00
2;100;100;14:38:49:769;11.27;0.00
3;100;100;14:38:50:490;12.06;0.00
4;100;100;14:38:52:050;13.55;0.01
5;100;100;14:38:52:250;13.45;0.01
6;100;100;14:38:53:490;15.04;0.02
7;100;100;14:38:54:690;15.94;0.03
8;100;100;14:38:55:050;16.61;0.03
9;100;100;14:38:56:490;18.08;0.03
10;100;100;14:38:57:170;18.51;0.04
11;100;100;14:38:58:050;19.67;0.04
12;100;100;14:38:59:490;21.09;0.04
13;100;100;14:38:59:650;20.73;0.04
14;100;100;14:39:00:850;22.03;0.05
15;100;100;14:39:00:970;22.59;0.05
16;100;100;14:39:02:130;24.02;0.06
17;100;100;14:39:02:170;23.59;0.06
18;100;100;14:39:03:890;25.51;0.07
19;100;100;14:39:04:609;25.29;0.07
20;100;100;14:39:05:010;27.09;0.08
21;100;100;14:39:05:290;25.65;0.08
22;100;100;14:39:05:609;27.37;0.08
23;100;100;14:39:06:810;28.82;0.09
24;100;100;14:39:07:130;27.40;0.09
25;100;100;14:39:07:210;27.56;0.09
26;100;100;14:39:07:370;29.45;0.09
27;100;100;14:39:07:690;27.95;0.09
28;100;100;14:39:07:890;29.41;0.09
29;100;100;14:39:08:530;30.90;0.10
30;100;100;14:39:08:850;28.96;0.10
31;100;100;14:39:09:050;30.80;0.10
32;100;100;14:39:09:769;32.46;0.11
33;100;100;14:39:09:890;31.67;0.10
34;100;100;14:39:09:970;30.60;0.11
35;100;100;14:39:10:290;32.22;0.11
36;100;100;14:39:10:690;30.61;0.11
37;100;100;14:39:10:850;32.11;0.11
38;100;100;14:39:10:970;33.77;0.11
39;100;100;14:39:11:290;31.72;0.11
40;100;100;14:39:11:570;33.24;0.11
41;100;100;14:39:12:290;34.85;0.12
42;100;100;14:39:12:609;33.72;0.12
43;100;100;14:39:12:650;32.92;0.12
44;100;100;14:39:12:930;34.51;0.12
45;100;100;14:39:13:050;35.98;0.12
46;100;100;14:39:13:410;34.42;0.12
47;100;100;14:39:13:850;36.00;0.12
48;100;100;14:39:14:330;34.32;0.13
49;100;100;14:39:14:650;36.06;0.13
50;100;100;14:39:14:850;37.68;0.13
51;100;100;14:39:15:330;37.76;0.13
52;100;100;14:39:15:769;35.91;0.13
53;100;100;14:39:16:690;37.32;0.14
54;100;100;14:39:16:970;39.24;0.14
55;100;100;14:39:17:850;39.79;0.14
56;100;100;14:39:18:570;37.78;0.14
57;100;100;14:39:18:890;39.24;0.15
58;100;100;14:39:19:090;40.75;0.15
59;100;100;14:39:19:290;42.22;0.15
60;100;100;14:39:19:769;42.84;0.15
61;100;100;14:39:20:330;40.40;0.15
62;100;100;14:39:20:490;40.30;0.15
63;100;100;14:39:21:170;42.47;0.16
64;100;100;14:39:21:370;43.90;0.16
65;100;100;14:39:22:570;42.23;0.16
66;100;100;14:39:23:010;42.54;0.16
67;100;100;14:39:23:250;43.66;0.17
68;100;100;14:39:23:410;45.10;0.17
69;100;510;14:39:23:570;46.35;0.17
70;100;100;14:39:23:609;38.65;0.18

x
x;50.000;40.000;0.0;0.0
Index;Element;Marker;Time;Kraft Diff.;Weg
;;;;kN;mm

