Buchs Sstone
Parallel;2015-12-11;10:59:06;;;0;01:32:00;
30;1;20
0.0;0.0

sample order
3p_0_15
2p_0_25
4p_20_20
1p_45_15
7p_60_15
5p_90_0

3p
3p_0_15;50.000;40.000;0.0;0.0
Index;Element;Marker;Time;Kraft Diff.;Weg
;;;;kN;mm
1;100;5000;12:21:10:260;1.63;0.00
2;100;100;12:21:10:808;1.78;0.00
3;100;100;12:21:11:408;1.73;0.00
4;100;100;12:21:12:008;1.73;0.00
5;100;100;12:21:12:608;2.07;0.00
6;100;100;12:21:13:208;1.89;0.00
7;100;100;12:21:13:808;2.10;0.00
8;100;100;12:21:14:408;2.01;0.01
9;100;100;12:21:15:008;2.02;0.02
10;100;100;12:21:15:608;2.30;0.05
11;100;100;12:21:15:628;2.20;0.05
12;100;100;12:21:16:218;1.96;0.09
13;100;100;12:21:16:298;2.16;0.10
14;100;100;12:21:16:808;2.09;0.15
15;100;100;12:21:16:838;2.10;0.16
16;100;100;12:21:17:138;2.20;0.20
17;100;100;12:21:17:448;2.20;0.25
18;100;100;12:21:17:458;2.15;0.25
19;100;100;12:21:17:668;1.91;0.30
20;100;100;12:21:17:948;2.03;0.36
21;100;100;12:21:18:078;2.01;0.39
22;100;100;12:21:18:128;2.15;0.41
23;100;100;12:21:18:368;1.87;0.46
24;100;100;12:21:18:548;2.17;0.51
25;100;100;12:21:18:708;1.98;0.56
26;100;100;12:21:18:718;2.02;0.56
27;100;100;12:21:18:888;2.12;0.62
28;100;100;12:21:19:058;2.07;0.67
29;100;100;12:21:19:198;1.97;0.72
30;100;100;12:21:19:338;2.13;0.77
31;100;100;12:21:19:358;2.13;0.78
32;100;100;12:21:19:498;1.86;0.82
33;100;100;12:21:19:638;2.04;0.88
34;100;100;12:21:19:758;2.12;0.93
35;100;100;12:21:19:908;2.00;0.99
36;100;100;12:21:19:998;2.25;1.02
37;100;100;12:21:20:038;2.15;1.04
38;100;100;12:21:20:148;2.26;1.09
39;100;100;12:21:20:298;2.03;1.14
40;100;100;12:21:20:418;2.40;1.19
41;100;100;12:21:20:598;2.25;1.24
42;100;100;12:21:20:648;2.16;1.26
43;100;100;12:21:20:698;2.17;1.29
44;100;100;12:21:20:828;2.44;1.35
45;100;100;12:21:20:958;2.15;1.40
46;100;100;12:21:21:078;2.40;1.45

2p
2p_0_25;50.000;40.000;0.0;0.0
Index;Element;Marker;Time;Kraft Diff.;Weg
;;;;kN;mm
1;100;5000;12:14:46:329;1.23;0.00
2;100;100;12:14:46:934;1.34;0.00
3;100;100;12:14:47:534;1.39;0.00
4;100;100;12:14:48:134;1.26;0.00
5;100;100;12:14:48:734;1.52;0.00
6;100;100;12:14:49:334;1.59;0.00
7;100;100;12:14:49:934;1.54;0.00
8;100;100;12:14:50:534;1.78;0.00
9;100;100;12:14:51:134;1.70;0.00
10;100;100;12:14:51:734;1.57;0.00
11;100;100;12:14:52:334;1.84;0.00
12;100;100;12:14:52:934;1.84;0.00
13;100;100;12:14:53:534;1.98;0.00
14;100;100;12:14:54:134;2.01;0.00
15;100;100;12:14:54:734;1.78;0.01
16;100;100;12:14:55:314;2.12;0.05
17;100;100;12:14:55:344;2.04;0.05
18;100;100;12:14:55:944;2.09;0.09
19;100;100;12:14:56:024;2.19;0.10
20;100;100;12:14:56:394;2.09;0.15
21;100;100;12:14:56:564;1.98;0.17
22;100;100;12:14:56:714;2.10;0.20
23;100;100;12:14:57:094;2.10;0.25
24;100;100;12:14:57:184;2.05;0.27
25;100;100;12:14:57:424;2.15;0.30
26;100;100;12:14:57:764;2.17;0.35
27;100;100;12:14:57:804;2.27;0.36
28;100;100;12:14:57:984;2.02;0.40
29;100;100;12:14:58:234;2.22;0.46
30;100;100;12:14:58:404;2.05;0.51
31;100;100;12:14:58:434;2.13;0.51
32;100;100;12:14:58:624;2.08;0.56
33;100;100;12:14:58:774;2.03;0.61
34;100;100;12:14:58:974;2.01;0.66
35;100;100;12:14:59:064;1.86;0.69
36;100;100;12:14:59:134;2.12;0.71
37;100;100;12:14:59:274;2.07;0.76
38;100;100;12:14:59:434;1.88;0.81
39;100;100;12:14:59:584;2.12;0.86
40;100;100;12:14:59:704;2.07;0.91
41;100;100;12:14:59:714;1.91;0.91
42;100;100;12:14:59:824;2.00;0.96
43;100;100;12:14:59:984;2.27;1.01
44;100;100;12:15:00:094;1.89;1.07
45;100;100;12:15:00:224;2.09;1.12
46;100;100;12:15:00:354;2.29;1.17
47;100;100;12:15:00:364;2.11;1.17
48;100;100;12:15:00:484;1.82;1.22
49;100;100;12:15:00:584;2.24;1.27
50;100;100;12:15:00:724;2.32;1.33
51;100;100;12:15:00:844;2.20;1.38
52;100;100;12:15:01:004;2.39;1.43
53;100;100;12:15:01:014;2.41;1.44
54;100;100;12:15:01:124;2.27;1.49
55;100;100;12:15:01:244;2.11;1.54
56;100;100;12:15:01:374;2.57;1.59
57;100;100;12:15:01:484;2.44;1.64

4p
4p_20_20;50.000;40.000;0.0;0.0
Index;Element;Marker;Time;Kraft Diff.;Weg
;;;;kN;mm
1;100;5000;11:33:03:475;1.42;0.00
2;100;100;11:33:04:038;1.52;0.00
3;100;100;11:33:04:638;1.50;0.00
4;100;100;11:33:05:238;1.77;0.00
5;100;100;11:33:05:838;1.67;0.00
6;100;100;11:33:06:438;1.94;0.00
7;100;100;11:33:07:038;1.76;0.00
8;100;100;11:33:07:638;1.90;0.00
9;100;100;11:33:08:238;2.04;0.00
10;100;100;11:33:08:838;1.83;0.01
11;100;100;11:33:09:438;2.03;0.02
12;100;100;11:33:09:708;1.89;0.05
13;100;100;11:33:10:048;1.83;0.08
14;100;100;11:33:10:198;2.00;0.10
15;100;100;11:33:10:578;2.05;0.15
16;100;100;11:33:10:668;2.01;0.17
17;100;100;11:33:10:828;1.84;0.20
18;100;100;11:33:11:108;1.86;0.25
19;100;100;11:33:11:288;2.00;0.29
20;100;100;11:33:11:328;1.91;0.30
21;100;100;11:33:11:488;1.82;0.36
22;100;100;11:33:11:718;2.01;0.41
23;100;100;11:33:11:888;1.87;0.46
24;100;100;11:33:11:928;1.86;0.47
25;100;100;11:33:12:108;2.12;0.51
26;100;100;11:33:12:278;2.01;0.56
27;100;100;11:33:12:458;2.11;0.61
28;100;100;11:33:12:558;2.05;0.65
29;100;100;11:33:12:628;1.97;0.66
30;100;100;11:33:12:788;2.17;0.71
31;100;100;11:33:12:958;2.10;0.76
32;100;100;11:33:13:118;1.97;0.82
33;100;100;11:33:13:198;2.12;0.84
34;100;100;11:33:13:288;2.02;0.87
35;100;100;11:33:13:408;1.96;0.93
36;100;100;11:33:13:558;2.13;0.98
37;100;100;11:33:13:668;2.04;1.03
38;100;100;11:33:13:798;1.86;1.08
39;100;100;11:33:13:848;1.87;1.11
40;100;100;11:33:13:958;2.15;1.14
41;100;100;11:33:14:068;2.15;1.19
42;100;100;11:33:14:168;1.92;1.24
43;100;100;11:33:14:318;2.23;1.30
44;100;100;11:33:14:438;2.08;1.35
45;100;100;11:33:14:498;2.04;1.38
46;100;100;11:33:14:538;2.02;1.40
47;100;100;11:33:14:638;2.10;1.45
48;100;100;11:33:14:768;2.29;1.51
49;100;100;11:33:14:858;2.03;1.56
50;100;100;11:33:14:968;2.24;1.61
51;100;100;11:33:15:078;2.31;1.66
52;100;100;11:33:15:158;2.23;1.69
53;100;100;11:33:15:198;2.31;1.71
54;100;100;11:33:15:288;2.03;1.76
55;100;100;11:33:15:408;2.23;1.81
56;100;100;11:33:15:498;2.31;1.86
57;100;100;11:33:15:608;2.13;1.91
58;100;100;11:33:15:728;2.31;1.97
59;100;100;11:33:15:808;2.37;2.02
60;100;100;11:33:15:828;2.41;2.02

1p
1p_45_15;50.000;40.000;0.0;0.0
Index;Element;Marker;Time;Kraft Diff.;Weg
;;;;kN;mm
1;100;5000;12:08:35:457;1.72;0.00
2;100;100;12:08:36:095;1.77;0.00
3;100;100;12:08:36:695;1.76;0.00
4;100;100;12:08:37:295;1.67;0.00
5;100;100;12:08:37:895;1.90;0.00
6;100;100;12:08:38:495;1.80;0.00
7;100;100;12:08:39:095;2.07;0.00
8;100;100;12:08:39:695;1.96;0.00
9;100;100;12:08:40:295;1.97;0.00
10;100;100;12:08:40:895;2.19;0.00
11;100;100;12:08:41:495;2.10;0.01
12;100;100;12:08:42:095;2.22;0.02
13;100;100;12:08:42:695;2.00;0.04
14;100;100;12:08:42:815;2.17;0.05
15;100;100;12:08:43:175;2.15;0.10
16;100;100;12:08:43:315;2.31;0.12
17;100;100;12:08:43:555;2.08;0.15
18;100;100;12:08:43:835;1.92;0.20
19;100;100;12:08:43:935;2.15;0.22
20;100;100;12:08:44:125;2.00;0.25
21;100;100;12:08:44:355;2.12;0.30
22;100;100;12:08:44:555;1.98;0.35
23;100;100;12:08:44:565;2.09;0.36
24;100;100;12:08:44:755;2.24;0.41
25;100;100;12:08:44:945;1.88;0.46
26;100;100;12:08:45:105;2.20;0.51
27;100;100;12:08:45:195;2.09;0.54
28;100;100;12:08:45:265;2.15;0.56
29;100;100;12:08:45:445;2.16;0.61
30;100;100;12:08:45:605;2.19;0.66
31;100;100;12:08:45:745;2.01;0.72
32;100;100;12:08:45:835;2.20;0.75
33;100;100;12:08:45:905;2.19;0.77
34;100;100;12:08:46:045;2.00;0.82
35;100;100;12:08:46:165;2.11;0.88
36;100;100;12:08:46:325;2.20;0.93
37;100;100;12:08:46:445;1.94;0.98
38;100;100;12:08:46:485;2.05;0.99
39;100;100;12:08:46:605;2.32;1.03
40;100;100;12:08:46:715;2.32;1.09
41;100;100;12:08:46:865;2.22;1.14
42;100;100;12:08:46:995;2.50;1.19
43;100;100;12:08:47:125;2.27;1.24

7p
7p_60_15;50.000;40.000;0.0;0.0
Index;Element;Marker;Time;Kraft Diff.;Weg
;;;;kN;mm
1;100;5000;11:04:00:545;1.76;0.00
2;100;100;11:04:01:113;1.70;0.00
3;100;100;11:04:01:713;1.84;0.00
4;100;100;11:04:02:313;1.78;0.00
5;100;100;11:04:02:913;1.77;0.00
6;100;100;11:04:03:513;1.96;0.00
7;100;100;11:04:04:113;1.96;0.00
8;100;100;11:04:04:713;1.76;0.01
9;100;100;11:04:05:313;2.01;0.01
10;100;100;11:04:05:913;2.25;0.02
11;100;100;11:04:06:513;2.01;0.04
12;100;100;11:04:06:603;2.10;0.05
13;100;100;11:04:07:123;2.08;0.08
14;100;100;11:04:07:303;2.20;0.10
15;100;100;11:04:07:733;2.03;0.15
16;100;100;11:04:07:743;2.15;0.15
17;100;100;11:04:08:163;1.87;0.20
18;100;100;11:04:08:353;2.12;0.23
19;100;100;11:04:08:493;1.96;0.25
20;100;100;11:04:08:763;2.09;0.30
21;100;100;11:04:08:973;2.04;0.35
22;100;100;11:04:08:983;1.84;0.36
23;100;100;11:04:09:163;2.18;0.41
24;100;100;11:04:09:353;1.97;0.46
25;100;100;11:04:09:563;2.02;0.51
26;100;100;11:04:09:613;1.98;0.53
27;100;100;11:04:09:703;2.05;0.56
28;100;100;11:04:09:883;2.01;0.61
29;100;100;11:04:10:023;1.98;0.66
30;100;100;11:04:10:143;2.08;0.71
31;100;100;11:04:10:253;2.03;0.74
32;100;100;11:04:10:313;1.90;0.77
33;100;100;11:04:10:463;2.16;0.82
34;100;100;11:04:10:583;2.24;0.87
35;100;100;11:04:10:703;2.00;0.92
36;100;100;11:04:10:853;2.16;0.98
37;100;100;11:04:10:903;2.05;1.00
38;100;100;11:04:10:973;2.05;1.03
39;100;100;11:04:11:083;1.92;1.08
40;100;100;11:04:11:213;2.17;1.13
41;100;100;11:04:11:343;2.13;1.19

5p
5p_90_0;50.000;40.000;0.0;0.0
Index;Element;Marker;Time;Kraft Diff.;Weg
;;;;kN;mm
1;100;5000;11:58:43:231;1.37;0.00
2;100;100;11:58:43:781;1.60;0.00
3;100;100;11:58:44:381;1.42;0.00
4;100;100;11:58:44:981;1.62;0.00
5;100;100;11:58:45:581;1.78;0.00
6;100;100;11:58:46:181;1.80;0.00
7;100;100;11:58:46:781;1.90;0.00
8;100;100;11:58:47:381;1.72;0.00
9;100;100;11:58:47:981;2.01;0.00
10;100;100;11:58:48:581;1.89;0.00
11;100;100;11:58:49:181;2.04;0.01
12;100;100;11:58:49:781;2.01;0.02
13;100;100;11:58:50:181;2.04;0.05
14;100;100;11:58:50:390;1.95;0.07
15;100;100;11:58:50:721;2.02;0.10
16;100;100;11:58:51:001;2.20;0.13
17;100;100;11:58:51:181;1.87;0.15
18;100;100;11:58:51:591;2.01;0.20
19;100;100;11:58:51:621;1.95;0.21
20;100;100;11:58:51:921;1.97;0.26
21;100;100;11:58:52:211;2.20;0.31
22;100;100;11:58:52:241;2.10;0.31
23;100;100;11:58:52:421;1.91;0.36
24;100;100;11:58:52:661;2.01;0.41
25;100;100;11:58:52:821;1.94;0.46
26;100;100;11:58:52:871;2.08;0.47
27;100;100;11:58:53:021;1.96;0.51
28;100;100;11:58:53:181;1.96;0.57
29;100;100;11:58:53:361;2.02;0.62
30;100;100;11:58:53:501;1.90;0.66
31;100;100;11:58:53:521;1.96;0.67
32;100;100;11:58:53:671;2.09;0.72
33;100;100;11:58:53:810;2.03;0.78
34;100;100;11:58:53:981;1.96;0.83
35;100;100;11:58:54:111;2.26;0.88
36;100;100;11:58:54:151;2.01;0.90
37;100;100;11:58:54:251;2.00;0.93
38;100;100;11:58:54:390;2.19;0.99
39;100;100;11:58:54:521;1.98;1.04
40;100;100;11:58:54:621;2.05;1.09
41;100;100;11:58:54:781;2.13;1.14
42;100;100;11:58:54:801;2.15;1.15
43;100;100;11:58:54:901;2.31;1.20
44;100;100;11:58:55:031;1.95;1.25
45;100;100;11:58:55:171;2.33;1.31

x
x;0.000;0.000;0.0;0.0
Index;Element;Marker;Time;Kraft Diff.;Weg
;;;;kN;mm

