Hard SS
Orthogonal;2015-11-27;10:11:53;;;0;03:02:00;
30;1;20
0.0;0.0

sample order
27o
29o
30o

27o
27o;50.000;40.000;0.0;0.0
Index;Element;Marker;Time;Kraft Diff.;Weg
;;;;kN;mm
1;100;5000;13:04:55:851;2.95;0.00
2;100;100;13:04:56:430;3.21;0.00
3;100;100;13:04:56:870;3.87;0.00
4;100;100;13:04:57:350;3.95;0.02
5;100;100;13:04:58:430;5.30;0.06
6;100;100;13:04:58:550;5.20;0.07
7;100;100;13:04:58:990;5.63;0.08
8;100;100;13:05:00:070;6.98;0.11
9;100;100;13:05:00:510;7.07;0.12
10;100;100;13:05:01:470;8.17;0.13
11;100;100;13:05:01:710;8.52;0.13
12;100;100;13:05:03:270;9.94;0.15
13;100;100;13:05:03:950;10.77;0.16
14;100;100;13:05:04:630;11.50;0.17
15;100;100;13:05:04:670;11.50;0.17
16;100;100;13:05:06:190;12.95;0.19
17;100;100;13:05:06:470;13.06;0.19
18;100;100;13:05:07:550;14.50;0.21
19;100;100;13:05:08:910;15.83;0.22
20;100;100;13:05:09:110;16.01;0.22
21;100;100;13:05:09:190;16.25;0.22
22;100;100;13:05:10:470;17.58;0.23
23;100;100;13:05:11:430;18.40;0.24
24;100;100;13:05:12:030;19.11;0.24
25;100;100;13:05:13:670;20.82;0.25
26;100;100;13:05:13:910;20.71;0.26
27;100;100;13:05:15:230;22.39;0.27
28;100;100;13:05:15:390;21.84;0.27
29;100;100;13:05:16:390;23.10;0.28
30;100;100;13:05:16:790;23.82;0.28
31;100;100;13:05:18:150;25.24;0.29
32;100;100;13:05:18:870;25.32;0.30
33;100;100;13:05:19:670;26.70;0.30
34;100;100;13:05:21:230;28.17;0.31
35;100;100;13:05:21:350;28.22;0.32
36;100;100;13:05:21:590;28.48;0.32
37;100;100;13:05:22:790;29.68;0.33
38;100;100;13:05:23:830;30.68;0.34
39;100;100;13:05:24:070;31.20;0.34
40;100;100;13:05:25:630;32.63;0.35
41;100;100;13:05:26:310;33.18;0.35
42;100;100;13:05:27:190;34.11;0.36
43;100;100;13:05:28:750;35.63;0.36
44;100;100;13:05:28:790;35.51;0.36
45;100;100;13:05:29:990;36.84;0.37
46;100;100;13:05:30:350;37.12;0.37
47;100;100;13:05:31:270;38.30;0.37
48;100;100;13:05:31:550;38.66;0.38
49;100;100;13:05:33:110;40.16;0.38
50;100;100;13:05:33:750;40.79;0.38
51;100;100;13:05:34:950;41.59;0.38
52;100;100;13:05:35:630;43.13;0.39
53;100;100;13:05:36:230;42.65;0.39
54;100;100;13:05:37:470;44.85;0.40
55;100;100;13:05:38:670;45.16;0.40
56;100;100;13:05:38:830;46.29;0.41
57;100;100;13:05:40:590;47.80;0.42
58;100;100;13:05:40:910;48.67;0.42
59;100;100;13:05:41:190;48.63;0.42
60;100;100;13:05:42:430;49.69;0.43
61;100;510;13:05:42:710;50.63;0.43
62;100;100;13:05:42:750;23.68;0.43

29o
29o;50.000;40.000;0.0;0.0
Index;Element;Marker;Time;Kraft Diff.;Weg
;;;;kN;mm
1;100;5000;11:12:52:766;2.79;0.00
2;100;100;11:12:53:561;3.58;0.00
3;100;100;11:12:54:361;4.25;0.04
4;100;100;11:12:54:841;4.64;0.05
5;100;100;11:12:56:041;5.57;0.08
6;100;100;11:12:56:161;6.11;0.08
7;100;100;11:12:56:721;6.58;0.09
8;100;100;11:12:57:681;7.54;0.10
9;100;100;11:12:58:561;8.17;0.11
10;100;100;11:12:59:241;9.16;0.12
11;100;100;11:13:00:801;10.71;0.14
12;100;100;11:13:00:921;10.31;0.14
13;100;100;11:13:01:081;10.78;0.14
14;100;100;11:13:02:361;12.27;0.16
15;100;100;11:13:03:521;13.13;0.17
16;100;100;11:13:03:881;13.68;0.18
17;100;100;11:13:05:161;15.14;0.18
18;100;100;11:13:05:961;15.91;0.19
19;100;100;11:13:06:041;15.57;0.19
20;100;100;11:13:06:721;16.68;0.19
21;100;100;11:13:08:201;18.20;0.20
22;100;100;11:13:08:521;18.24;0.21
23;100;100;11:13:09:521;19.62;0.22
24;100;100;11:13:10:961;20.45;0.23
25;100;100;11:13:11:001;21.07;0.23
26;100;100;11:13:12:561;22.80;0.24
27;100;100;11:13:13:441;22.96;0.25
28;100;100;11:13:14:121;24.24;0.25
29;100;100;11:13:15:641;25.73;0.26
30;100;100;11:13:15:921;25.76;0.27
31;100;100;11:13:17:121;27.19;0.27
32;100;100;11:13:18:361;28.20;0.28
33;100;100;11:13:18:681;28.82;0.28
34;100;100;11:13:19:241;29.20;0.29
35;100;100;11:13:20:241;30.33;0.30
36;100;100;11:13:20:881;30.41;0.30
37;100;100;11:13:21:761;31.85;0.31
38;100;100;11:13:23:241;33.30;0.32
39;100;100;11:13:23:361;32.90;0.32
40;100;100;11:13:24:801;34.99;0.33
41;100;100;11:13:25:801;35.71;0.33
42;100;100;11:13:26:521;36.40;0.34
43;100;100;11:13:27:801;37.97;0.34
44;100;100;11:13:28:281;38.11;0.34
45;100;100;11:13:28:481;38.19;0.34
46;100;100;11:13:29:361;39.55;0.34
47;100;100;11:13:30:761;40.15;0.35
48;100;100;11:13:30:921;40.96;0.35
49;100;100;11:13:32:361;42.42;0.35
50;100;100;11:13:33:241;42.93;0.36
51;100;100;11:13:33:921;44.09;0.36
52;100;100;11:13:35:641;45.60;0.37
53;100;100;11:13:35:721;45.51;0.37
54;100;100;11:13:36:921;47.04;0.38
55;100;100;11:13:38:161;47.85;0.39
56;100;100;11:13:38:481;48.66;0.39
57;100;100;11:13:39:601;48.98;0.39
58;100;100;11:13:39:961;50.17;0.39
59;100;100;11:13:40:681;50.39;0.40
60;100;100;11:13:41:801;51.57;0.41
61;100;510;11:13:41:881;52.09;0.41
62;100;100;11:13:41:921;24.10;0.42

30o
30o;50.000;40.000;0.0;0.0
Index;Element;Marker;Time;Kraft Diff.;Weg
;;;;kN;mm
1;100;5000;12:39:35:831;2.64;0.00
2;100;100;12:39:36:091;3.16;0.00
3;100;100;12:39:36:931;3.90;0.00
4;100;100;12:39:37:931;4.63;0.02
5;100;100;12:39:38:571;5.41;0.03
6;100;100;12:39:39:291;5.82;0.05
7;100;100;12:39:39:371;6.26;0.06
8;100;100;12:39:40:851;7.44;0.10
9;100;100;12:39:41:011;7.75;0.11
10;100;100;12:39:41:131;7.65;0.11
11;100;100;12:39:42:411;9.29;0.13
12;100;100;12:39:43:571;10.52;0.14
13;100;100;12:39:43:851;10.77;0.14
14;100;100;12:39:45:491;12.31;0.15
15;100;100;12:39:45:971;12.53;0.15
16;100;100;12:39:46:091;13.00;0.16
17;100;100;12:39:46:891;13.87;0.16
18;100;100;12:39:48:331;15.33;0.17
19;100;100;12:39:48:571;15.38;0.18
20;100;100;12:39:49:691;16.82;0.18
21;100;100;12:39:51:011;17.63;0.20
22;100;100;12:39:51:331;18.49;0.20
23;100;100;12:39:52:171;18.96;0.20
24;100;100;12:39:52:971;20.01;0.21
25;100;100;12:39:53:531;20.45;0.21
26;100;100;12:39:54:611;21.42;0.22
27;100;100;12:39:55:811;22.83;0.22
28;100;100;12:39:56:011;23.09;0.23
29;100;100;12:39:57:171;24.27;0.23
30;100;100;12:39:58:451;25.25;0.24
31;100;100;12:39:58:531;25.77;0.24
32;100;100;12:40:00:171;27.43;0.25
33;100;100;12:40:00:931;27.74;0.25
34;100;100;12:40:01:491;28.27;0.26
35;100;100;12:40:01:811;28.90;0.26
36;100;100;12:40:03:411;30.37;0.27
37;100;100;12:40:03:451;30.36;0.27
38;100;100;12:40:05:011;31.85;0.28
39;100;100;12:40:05:891;32.92;0.28
40;100;100;12:40:06:371;33.26;0.29
41;100;100;12:40:07:731;34.70;0.29
42;100;100;12:40:08:371;35.06;0.30
43;100;100;12:40:09:411;36.53;0.30
44;100;100;12:40:09:491;36.21;0.31
45;100;100;12:40:10:851;37.44;0.31
46;100;100;12:40:11:051;38.15;0.31
47;100;100;12:40:12:611;39.63;0.32
48;100;510;12:40:13:131;39.89;0.33
49;100;100;12:40:13:171;24.01;0.36

x
x;50.000;40.000;0.0;0.0
Index;Element;Marker;Time;Kraft Diff.;Weg
;;;;kN;mm

