Middle SStone
baerlock
Orthogonal;2015-12-10;09:44:11;;;1;00:23:00;
30;1;20
0.0;0.0

sample summary
2o
3o
4o
5o
6o
7o
8o
1p-0
5p-20
3p-90

2o
2o;50.000;40.000;0.0;0.0
Index;Element;Marker;Time;Kraft Diff.;Weg
;;;;kN;mm
1;100;5000;10:10:10:338;2.02;0.00
2;100;100;10:10:10:524;2.26;0.01
3;100;100;10:10:10:674;2.12;0.01
4;100;100;10:10:11:134;1.98;0.05
5;100;100;10:10:11:214;1.89;0.07
6;100;100;10:10:11:384;2.10;0.12
7;100;100;10:10:11:534;1.95;0.17
8;100;100;10:10:11:724;2.02;0.22
9;100;100;10:10:11:774;1.94;0.24
10;100;100;10:10:11:844;1.95;0.27
11;100;100;10:10:11:974;2.32;0.32
12;100;100;10:10:12:104;1.84;0.38
13;100;100;10:10:12:184;2.11;0.43
14;100;100;10:10:12:274;2.05;0.48
15;100;100;10:10:12:384;1.96;0.54
16;100;100;10:10:12:434;2.02;0.56
17;100;100;10:10:12:484;2.24;0.59
18;100;100;10:10:12:584;2.02;0.64
19;100;100;10:10:12:664;2.01;0.70
20;100;100;10:10:12:774;2.93;0.75
21;100;100;10:10:12:784;3.07;0.75
22;100;100;10:10:13:084;3.61;0.80
23;100;100;10:10:13:144;3.44;0.80
24;100;100;10:10:13:694;3.93;0.81
25;100;100;10:10:14:294;4.08;0.82
26;100;100;10:10:14:774;4.50;0.83
27;100;100;10:10:14:904;4.14;0.83
28;100;100;10:10:15:504;4.51;0.84
29;100;100;10:10:16:104;4.91;0.84
30;100;100;10:10:16:304;4.95;0.85
31;100;100;10:10:16:714;5.20;0.86
32;100;100;10:10:17:314;5.55;0.87
33;100;100;10:10:17:884;5.91;0.88
34;100;100;10:10:17:924;6.01;0.89
35;100;100;10:10:18:524;6.13;0.89
36;100;100;10:10:18:704;6.14;0.90
37;100;100;10:10:19:134;6.30;0.91
38;100;100;10:10:19:734;6.64;0.91
39;100;100;10:10:20:334;6.84;0.92
40;100;100;10:10:20:724;7.33;0.92
41;100;100;10:10:20:944;7.16;0.92
42;100;100;10:10:21:544;7.57;0.93
43;100;100;10:10:22:144;7.99;0.95
44;100;100;10:10:22:264;7.82;0.95
45;100;100;10:10:22:754;8.28;0.96
46;100;100;10:10:23:354;8.56;0.97
47;100;100;10:10:23:564;8.77;0.98
48;100;100;10:10:23:964;8.69;0.98
49;100;100;10:10:24:564;8.82;0.99
50;100;100;10:10:25:164;9.20;0.99
51;100;100;10:10:25:764;9.56;1.00
52;100;100;10:10:25:864;9.88;1.00
53;100;100;10:10:26:374;9.99;1.01
54;100;100;10:10:26:484;10.20;1.01
55;100;100;10:10:26:984;10.36;1.02
56;100;100;10:10:27:584;10.76;1.03
57;100;100;10:10:28:184;11.07;1.04
58;100;100;10:10:28:784;11.28;1.05
59;100;100;10:10:29:064;11.44;1.05
60;100;100;10:10:29:284;11.61;1.05
61;100;100;10:10:29:404;11.55;1.05
62;100;100;10:10:30:004;11.65;1.06
63;100;100;10:10:30:554;8.28;1.07
64;100;100;10:10:30:594;9.73;1.11
65;100;100;10:10:30:624;9.53;1.13
66;100;100;10:10:30:664;10.28;1.17
67;100;100;10:10:30:704;11.21;1.19
68;100;100;10:10:30:734;11.71;1.22

3o
3o;50.000;40.000;0.0;0.0
Index;Element;Marker;Time;Kraft Diff.;Weg
;;;;kN;mm
1;100;5000;10:16:40:047;2.03;0.00
2;100;100;10:16:40:557;2.15;0.01
3;100;100;10:16:40:827;2.11;0.03
4;100;100;10:16:41:137;2.09;0.09
5;100;100;10:16:41:177;2.12;0.09
6;100;100;10:16:41:317;2.09;0.14
7;100;100;10:16:41:507;2.22;0.19
8;100;100;10:16:41:637;1.91;0.25
9;100;100;10:16:41:737;1.90;0.30
10;100;100;10:16:41:817;2.27;0.33
11;100;100;10:16:41:877;2.30;0.35
12;100;100;10:16:41:967;1.91;0.40
13;100;100;10:16:42:077;2.10;0.45
14;100;100;10:16:42:177;2.13;0.50
15;100;100;10:16:42:257;1.86;0.56
16;100;100;10:16:42:337;1.84;0.62
17;100;100;10:16:42:427;2.10;0.67
18;100;100;10:16:42:487;2.16;0.70
19;100;100;10:16:42:517;2.11;0.73
20;100;100;10:16:42:607;1.92;0.78
21;100;100;10:16:42:677;2.03;0.84
22;100;100;10:16:42:757;2.38;0.89
23;100;100;10:16:42:827;2.89;0.94
24;100;100;10:16:43:137;3.72;0.98
25;100;100;10:16:43:387;3.99;0.99
26;100;100;10:16:43:747;4.09;1.00
27;100;100;10:16:43:947;4.30;1.00
28;100;100;10:16:44:357;4.27;1.01
29;100;100;10:16:44:957;4.69;1.02
30;100;100;10:16:45:557;4.98;1.03
31;100;100;10:16:45:757;4.86;1.04
32;100;100;10:16:46:167;5.16;1.04
33;100;100;10:16:46:767;5.45;1.05
34;100;100;10:16:47:057;5.70;1.05
35;100;100;10:16:47:377;5.83;1.06
36;100;100;10:16:47:977;6.16;1.06
37;100;100;10:16:48:577;6.35;1.08
38;100;100;10:16:48:997;6.38;1.09
39;100;100;10:16:49:187;6.66;1.09
40;100;100;10:16:49:787;6.93;1.11
41;100;100;10:16:50:117;7.15;1.11
42;100;100;10:16:50:397;7.19;1.12
43;100;100;10:16:50:997;7.50;1.13
44;100;100;10:16:51:597;7.74;1.13
45;100;100;10:16:51:857;7.80;1.14
46;100;100;10:16:52:207;8.03;1.14
47;100;100;10:16:52:807;8.24;1.15
48;100;100;10:16:52:897;8.62;1.16
49;100;100;10:16:53:417;8.45;1.17
50;100;100;10:16:54:017;8.80;1.18
51;100;100;10:16:54:617;9.03;1.18
52;100;100;10:16:54:867;9.15;1.19
53;100;100;10:16:55:227;9.44;1.19
54;100;100;10:16:55:827;9.69;1.19
55;100;100;10:16:55:937;10.06;1.20
56;100;100;10:16:56:437;9.94;1.20
57;100;100;10:16:57:037;10.35;1.21
58;100;100;10:16:57:637;10.55;1.21
59;100;100;10:16:58:237;10.78;1.22
60;100;100;10:16:58:707;11.55;1.23
61;100;100;10:16:58:847;11.23;1.23
62;100;100;10:16:59:407;11.47;1.24
63;100;100;10:16:59:457;11.36;1.24
64;100;100;10:17:00:057;11.68;1.25
65;100;100;10:17:00:657;12.06;1.26
66;100;100;10:17:01:257;12.51;1.26
67;100;100;10:17:01:657;13.01;1.27
68;100;100;10:17:01:697;8.11;1.27
69;100;100;10:17:01:707;9.52;1.27
70;100;100;10:17:01:727;10.26;1.30
71;100;100;10:17:01:747;10.93;1.31
72;100;100;10:17:01:787;11.41;1.35
73;100;100;10:17:01:857;12.05;1.40
74;100;100;10:17:01:877;12.69;1.41
75;100;100;10:17:01:937;13.15;1.42

4o
4o;50.000;40.000;0.0;0.0
Index;Element;Marker;Time;Kraft Diff.;Weg
;;;;kN;mm
1;100;5000;10:53:49:450;2.07;0.00
2;100;100;10:53:49:800;2.11;0.00
3;100;100;10:53:50:310;2.18;0.04
4;100;100;10:53:50:410;1.87;0.06
5;100;100;10:53:50:640;2.19;0.09
6;100;100;10:53:50:800;1.98;0.15
7;100;100;10:53:51:010;2.04;0.20
8;100;100;10:53:51:040;2.22;0.21
9;100;100;10:53:51:110;1.94;0.25
10;100;100;10:53:51:210;2.04;0.30
11;100;100;10:53:51:350;2.15;0.35
12;100;100;10:53:51:450;2.04;0.40
13;100;100;10:53:51:550;2.04;0.46
14;100;100;10:53:51:660;2.20;0.51
15;100;100;10:53:51:700;2.35;0.54
16;100;100;10:53:51:730;2.10;0.56
17;100;100;10:53:51:810;1.94;0.62
18;100;100;10:53:51:900;2.10;0.67
19;100;100;10:53:51:990;2.16;0.72
20;100;100;10:53:52:070;2.23;0.77
21;100;100;10:53:52:140;1.94;0.82
22;100;100;10:53:52:220;2.18;0.88
23;100;100;10:53:52:270;2.94;0.90
24;100;100;10:53:52:310;3.20;0.93
25;100;100;10:53:52:390;3.52;0.94
26;100;100;10:53:52:990;3.95;0.97
27;100;100;10:53:53:430;4.39;0.97
28;100;100;10:53:53:600;4.15;0.97
29;100;100;10:53:53:770;4.41;0.98
30;100;100;10:53:54:210;4.47;0.99
31;100;100;10:53:54:810;4.93;1.00
32;100;100;10:53:55:410;5.02;1.01
33;100;100;10:53:56:010;5.27;1.03
34;100;100;10:53:56:110;5.24;1.03
35;100;100;10:53:56:600;5.81;1.04
36;100;100;10:53:56:630;5.74;1.04
37;100;100;10:53:57:230;5.91;1.05
38;100;100;10:53:57:830;6.09;1.05
39;100;100;10:53:58:430;6.60;1.06
40;100;100;10:53:59:030;6.81;1.07
41;100;100;10:53:59:500;7.21;1.08
42;100;100;10:53:59:510;6.98;1.08
43;100;100;10:53:59:650;6.81;1.08
44;100;100;10:54:00:250;7.37;1.09
45;100;100;10:54:00:850;7.68;1.11
46;100;100;10:54:01:450;7.93;1.11
47;100;100;10:54:02:050;8.33;1.12
48;100;100;10:54:02:640;8.62;1.12
49;100;100;10:54:02:660;8.59;1.13
50;100;100;10:54:02:780;8.72;1.13
51;100;100;10:54:03:270;8.59;1.13
52;100;100;10:54:03:870;9.14;1.14
53;100;100;10:54:04:470;9.43;1.15
54;100;100;10:54:05:070;9.61;1.16
55;100;100;10:54:05:250;10.06;1.17
56;100;100;10:54:05:680;10.09;1.17
57;100;100;10:54:05:880;10.06;1.18
58;100;100;10:54:06:290;10.45;1.18
59;100;100;10:54:06:890;10.58;1.18
60;100;100;10:54:07:490;11.11;1.19
61;100;100;10:54:08:090;11.29;1.19
62;100;100;10:54:08:140;11.51;1.19
63;100;100;10:54:08:700;11.38;1.20
64;100;100;10:54:09:300;11.98;1.20
65;100;100;10:54:09:900;12.32;1.21
66;100;100;10:54:10:110;10.08;1.22
67;100;100;10:54:10:120;9.24;1.23
68;100;100;10:54:10:190;10.06;1.28
69;100;100;10:54:10:250;11.99;1.34

5o
5o;50.000;40.000;0.0;0.0
Index;Element;Marker;Time;Kraft Diff.;Weg
;;;;kN;mm
1;100;5000;10:59:59:859;2.22;0.00
2;100;100;11:00:00:369;2.11;0.01
3;100;100;11:00:00:708;2.03;0.05
4;100;100;11:00:00:978;2.12;0.08
5;100;100;11:00:01:018;2.18;0.10
6;100;100;11:00:01:178;2.11;0.15
7;100;100;11:00:01:398;1.94;0.20
8;100;100;11:00:01:489;1.95;0.25
9;100;100;11:00:01:598;2.09;0.30
10;100;100;11:00:01:628;2.10;0.31
11;100;100;11:00:01:739;1.97;0.35
12;100;100;11:00:01:838;2.16;0.41
13;100;100;11:00:01:938;2.13;0.46
14;100;100;11:00:02:048;2.02;0.52
15;100;100;11:00:02:119;1.90;0.57
16;100;100;11:00:02:188;2.02;0.62
17;100;100;11:00:02:279;2.12;0.67
18;100;100;11:00:02:298;2.25;0.68
19;100;100;11:00:02:369;2.02;0.73
20;100;100;11:00:02:458;2.03;0.78
21;100;100;11:00:02:529;2.01;0.84
22;100;100;11:00:02:619;2.45;0.89
23;100;100;11:00:02:659;2.96;0.93
24;100;100;11:00:02:699;3.23;0.94
25;100;100;11:00:02:958;3.90;0.97
26;100;100;11:00:03:558;3.91;0.98
27;100;100;11:00:03:998;4.38;0.99
28;100;100;11:00:04:088;4.40;0.99
29;100;100;11:00:04:178;4.15;0.99
30;100;100;11:00:04:779;4.62;1.00
31;100;100;11:00:05:378;4.78;1.02
32;100;100;11:00:05:978;5.05;1.03
33;100;100;11:00:06:579;5.66;1.04
34;100;100;11:00:06:829;5.59;1.04
35;100;100;11:00:06:888;5.82;1.04
36;100;100;11:00:07:199;5.81;1.04
37;100;100;11:00:07:798;5.89;1.05
38;100;100;11:00:08:398;6.22;1.06
39;100;100;11:00:08:998;6.65;1.07
40;100;100;11:00:09:598;6.76;1.09
41;100;100;11:00:09:699;7.03;1.09
42;100;100;11:00:10:058;7.30;1.10
43;100;100;11:00:10:218;7.03;1.10
44;100;100;11:00:10:819;7.61;1.11
45;100;100;11:00:11:418;7.68;1.12
46;100;100;11:00:12:018;7.91;1.13
47;100;100;11:00:12:619;8.45;1.14
48;100;100;11:00:12:779;8.26;1.14
49;100;100;11:00:12:978;8.78;1.15
50;100;100;11:00:13:239;8.72;1.15
51;100;100;11:00:13:838;8.77;1.16
52;100;100;11:00:14:438;9.33;1.18
53;100;100;11:00:15:039;9.53;1.18
54;100;100;11:00:15:638;9.68;1.19
55;100;100;11:00:16:159;10.21;1.19
56;100;100;11:00:16:248;10.24;1.19
57;100;100;11:00:16:279;10.07;1.19
58;100;100;11:00:16:859;10.48;1.20
59;100;100;11:00:17:458;10.64;1.20
60;100;100;11:00:18:058;11.23;1.21
61;100;100;11:00:18:329;8.07;1.23
62;100;100;11:00:18:348;8.81;1.25
63;100;100;11:00:18:378;9.58;1.27
64;100;100;11:00:18:418;9.92;1.30
65;100;100;11:00:18:498;10.89;1.36
66;100;100;11:00:18:529;11.05;1.37
67;100;100;11:00:18:718;11.36;1.39

6o
6o;50.000;40.000;0.0;0.0
Index;Element;Marker;Time;Kraft Diff.;Weg
;;;;kN;mm
1;100;5000;11:04:39:806;1.96;0.00
2;100;100;11:04:40:104;2.12;0.00
3;100;100;11:04:40:704;2.18;0.04
4;100;100;11:04:40:714;2.13;0.04
5;100;100;11:04:40:994;2.12;0.09
6;100;100;11:04:41:184;2.02;0.14
7;100;100;11:04:41:334;2.08;0.18
8;100;100;11:04:41:374;2.29;0.20
9;100;100;11:04:41:474;2.10;0.25
10;100;100;11:04:41:634;2.04;0.30
11;100;100;11:04:41:734;2.07;0.35
12;100;100;11:04:41:854;2.15;0.41
13;100;100;11:04:41:934;1.91;0.46
14;100;100;11:04:41:994;1.92;0.48
15;100;100;11:04:42:034;1.89;0.51
16;100;100;11:04:42:114;2.19;0.56
17;100;100;11:04:42:194;2.31;0.61
18;100;100;11:04:42:284;2.09;0.66
19;100;100;11:04:42:364;2.00;0.72
20;100;100;11:04:42:454;2.11;0.77
21;100;100;11:04:42:514;2.22;0.82
22;100;100;11:04:42:604;2.29;0.88
23;100;100;11:04:42:674;2.68;0.93
24;100;100;11:04:42:684;2.79;0.93
25;100;100;11:04:42:744;3.13;0.95
26;100;100;11:04:42:874;3.80;0.98
27;100;100;11:04:43:304;4.16;1.01
28;100;100;11:04:43:904;4.04;1.02
29;100;100;11:04:44:354;4.53;1.02
30;100;100;11:04:44:514;4.62;1.02
31;100;100;11:04:45:114;4.69;1.03
32;100;100;11:04:45:204;4.81;1.03
33;100;100;11:04:45:724;4.99;1.04
34;100;100;11:04:46:324;5.33;1.06
35;100;100;11:04:46:924;5.46;1.08
36;100;100;11:04:47:084;5.58;1.08
37;100;100;11:04:47:504;5.97;1.09
38;100;100;11:04:47:544;5.83;1.09
39;100;100;11:04:48:144;6.11;1.10
40;100;100;11:04:48:744;6.67;1.11
41;100;100;11:04:49:344;6.55;1.12
42;100;100;11:04:49:634;6.68;1.13
43;100;100;11:04:49:954;7.11;1.14
44;100;100;11:04:50:304;7.38;1.15
45;100;100;11:04:50:564;7.27;1.15
46;100;100;11:04:51:164;7.59;1.16
47;100;100;11:04:51:764;7.93;1.16
48;100;100;11:04:52:364;8.06;1.17
49;100;100;11:04:52:964;8.59;1.18
50;100;100;11:04:52:994;8.80;1.18
51;100;100;11:04:53:144;8.45;1.18
52;100;100;11:04:53:584;8.60;1.19
53;100;100;11:04:54:184;9.29;1.20
54;100;100;11:04:54:784;9.36;1.21
55;100;100;11:04:55:384;9.61;1.22
56;100;100;11:04:55:964;10.00;1.23
57;100;100;11:04:55:994;10.11;1.23
58;100;100;11:04:56:024;10.21;1.23
59;100;100;11:04:56:604;10.13;1.24
60;100;100;11:04:57:204;10.80;1.24
61;100;100;11:04:57:804;10.73;1.25
62;100;100;11:04:58:004;8.15;1.27
63;100;100;11:04:58:024;8.77;1.28
64;100;100;11:04:58:054;9.56;1.31
65;100;100;11:04:58:084;9.66;1.34
66;100;100;11:04:58:174;10.48;1.39
67;100;100;11:04:58:234;11.14;1.41

7o
7o;50.000;40.000;0.0;0.0
Index;Element;Marker;Time;Kraft Diff.;Weg
;;;;kN;mm
1;100;5000;11:10:00:771;2.10;0.00
2;100;100;11:10:01:396;2.20;0.02
3;100;100;11:10:01:726;2.17;0.05
4;100;100;11:10:02:006;2.02;0.10
5;100;100;11:10:02:016;2.03;0.10
6;100;100;11:10:02:216;2.15;0.15
7;100;100;11:10:02:366;1.92;0.20
8;100;100;11:10:02:526;2.23;0.25
9;100;100;11:10:02:616;2.09;0.30
10;100;100;11:10:02:656;2.17;0.32
11;100;100;11:10:02:746;1.96;0.36
12;100;100;11:10:02:846;2.08;0.41
13;100;100;11:10:02:966;2.20;0.46
14;100;100;11:10:03:056;1.91;0.51
15;100;100;11:10:03:136;2.05;0.57
16;100;100;11:10:03:216;2.11;0.62
17;100;100;11:10:03:286;2.22;0.67
18;100;100;11:10:03:326;1.98;0.69
19;100;100;11:10:03:376;2.08;0.72
20;100;100;11:10:03:446;1.89;0.77
21;100;100;11:10:03:536;2.25;0.82
22;100;100;11:10:03:596;2.36;0.88
23;100;100;11:10:03:686;2.68;0.93
24;100;100;11:10:03:806;3.41;0.98
25;100;100;11:10:03:826;3.62;0.98
26;100;100;11:10:03:996;3.95;0.99
27;100;100;11:10:04:596;4.20;1.00
28;100;100;11:10:05:196;4.16;1.01
29;100;100;11:10:05:796;4.54;1.03
30;100;100;11:10:06:026;4.75;1.03
31;100;100;11:10:06:406;5.05;1.04
32;100;100;11:10:06:416;4.96;1.04
33;100;100;11:10:07:016;5.09;1.05
34;100;100;11:10:07:616;5.39;1.06
35;100;100;11:10:08:216;5.94;1.07
36;100;100;11:10:08:816;6.04;1.08
37;100;100;11:10:09:236;6.29;1.08
38;100;100;11:10:09:266;6.51;1.08
39;100;100;11:10:09:436;6.23;1.08
40;100;100;11:10:10:036;6.56;1.09
41;100;100;11:10:10:636;6.92;1.11
42;100;100;11:10:11:236;7.07;1.12
43;100;100;11:10:11:626;7.34;1.13
44;100;100;11:10:11:846;7.30;1.13
45;100;100;11:10:12:416;7.99;1.14
46;100;100;11:10:12:456;7.89;1.14
47;100;100;11:10:13:056;8.12;1.15
48;100;100;11:10:13:656;8.26;1.15
49;100;100;11:10:14:256;8.74;1.16
50;100;100;11:10:14:856;9.06;1.17
51;100;100;11:10:15:206;9.14;1.18
52;100;100;11:10:15:276;9.41;1.18
53;100;100;11:10:15:476;9.12;1.18
54;100;100;11:10:16:076;9.51;1.19
55;100;100;11:10:16:676;9.95;1.20
56;100;100;11:10:17:276;10.07;1.21
57;100;100;11:10:17:876;10.49;1.21
58;100;100;11:10:18:106;10.84;1.21
59;100;100;11:10:18:486;10.84;1.21
60;100;100;11:10:19:086;10.99;1.22
61;100;100;11:10:19:686;11.25;1.22
62;100;100;11:10:20:286;11.89;1.23
63;100;100;11:10:20:326;11.68;1.23
64;100;100;11:10:20:896;11.97;1.23
65;100;100;11:10:20:996;12.35;1.23
66;100;100;11:10:21:506;12.19;1.24
67;100;100;11:10:22:106;12.73;1.25
68;100;100;11:10:22:706;12.89;1.26
69;100;100;11:10:23:306;12.87;1.27
70;100;100;11:10:23:826;13.78;1.27
71;100;100;11:10:23:916;13.67;1.28
72;100;100;11:10:24:246;13.79;1.28
73;100;510;11:10:24:506;13.95;1.28
74;100;100;11:10:24:516;6.86;1.28
75;100;100;11:10:24:526;9.56;1.29
76;100;100;11:10:24:546;9.69;1.29

8o
8o;50.000;40.000;0.0;0.0
Index;Element;Marker;Time;Kraft Diff.;Weg
;;;;kN;mm
1;100;5000;11:14:39:339;2.16;0.00
2;100;100;11:14:39:926;2.00;0.03
3;100;100;11:14:40:196;2.13;0.05
4;100;100;11:14:40:486;2.18;0.10
5;100;100;11:14:40:546;2.05;0.11
6;100;100;11:14:40:726;2.10;0.15
7;100;100;11:14:40:866;2.23;0.20
8;100;100;11:14:41:056;2.04;0.25
9;100;100;11:14:41:146;2.12;0.31
10;100;100;11:14:41:186;2.30;0.33
11;100;100;11:14:41:266;1.92;0.36
12;100;100;11:14:41:386;2.04;0.42
13;100;100;11:14:41:506;2.20;0.47
14;100;100;11:14:41:586;2.18;0.52
15;100;100;11:14:41:676;1.90;0.58
16;100;100;11:14:41:756;2.11;0.63
17;100;100;11:14:41:836;2.26;0.68
18;100;100;11:14:41:856;2.23;0.69
19;100;100;11:14:41:926;2.12;0.73
20;100;100;11:14:41:996;2.03;0.79
21;100;100;11:14:42:086;1.98;0.84
22;100;100;11:14:42:146;2.25;0.89
23;100;100;11:14:42:236;2.79;0.94
24;100;100;11:14:42:346;3.34;1.00
25;100;100;11:14:42:386;3.48;1.00
26;100;100;11:14:42:526;3.91;1.01
27;100;100;11:14:43:126;4.00;1.04
28;100;100;11:14:43:676;4.28;1.05
29;100;100;11:14:43:736;4.24;1.05
30;100;100;11:14:44:336;4.67;1.06
31;100;100;11:14:44:596;4.91;1.06
32;100;100;11:14:44:946;5.03;1.07
33;100;100;11:14:45:546;5.11;1.08
34;100;100;11:14:46:146;5.42;1.08
35;100;100;11:14:46:746;5.82;1.09
36;100;100;11:14:47:346;5.95;1.10
37;100;100;11:14:47:416;6.19;1.10
38;100;100;11:14:47:476;6.32;1.10
39;100;100;11:14:47:966;6.15;1.10
40;100;100;11:14:48:566;6.70;1.12
41;100;100;11:14:49:166;6.93;1.13
42;100;100;11:14:49:766;7.08;1.14
43;100;100;11:14:50:086;7.29;1.15
44;100;100;11:14:50:376;7.43;1.15
45;100;100;11:14:50:606;7.78;1.15
46;100;100;11:14:50:986;7.84;1.16
47;100;100;11:14:51:586;8.02;1.16
48;100;100;11:14:52:186;8.34;1.17
49;100;100;11:14:52:786;8.75;1.18
50;100;100;11:14:53:386;9.02;1.18
51;100;100;11:14:53:716;9.20;1.19
52;100;100;11:14:53:886;9.17;1.20
53;100;100;11:14:54:006;9.20;1.20
54;100;100;11:14:54:606;9.33;1.21
55;100;100;11:14:55:206;9.92;1.21
56;100;100;11:14:55:806;10.21;1.22
57;100;100;11:14:56:266;10.63;1.22
58;100;100;11:14:56:416;10.22;1.22
59;100;100;11:14:57:016;10.65;1.23
60;100;100;11:14:57:616;11.18;1.23
61;100;100;11:14:58:216;11.35;1.24
62;100;100;11:14:58:816;11.74;1.24
63;100;100;11:14:59:066;12.05;1.24
64;100;100;11:14:59:426;11.95;1.24
65;100;100;11:14:59:626;11.91;1.25
66;100;100;11:15:00:036;12.53;1.25
67;100;100;11:15:00:636;12.35;1.26
68;100;100;11:15:00:996;8.89;1.27
69;100;100;11:15:01:026;10.18;1.30
70;100;100;11:15:01:036;10.66;1.30
71;100;100;11:15:01:106;11.18;1.36
72;100;100;11:15:01:136;12.34;1.39
73;100;100;11:15:01:186;13.07;1.41
74;100;100;11:15:01:296;12.68;1.42

1p
1p_0_0;50.000;40.000;0.0;0.0
Index;Element;Marker;Time;Kraft Diff.;Weg
;;;;kN;mm
1;100;5000;10:23:32:007;2.85;0.00
2;100;100;10:23:32:533;3.05;0.00
3;100;100;10:23:33:133;3.17;0.00
4;100;100;10:23:33:583;3.49;0.02
5;100;100;10:23:33:743;3.37;0.02
6;100;100;10:23:34:343;3.69;0.04
7;100;100;10:23:34:943;4.13;0.05
8;100;100;10:23:35:513;4.55;0.06
9;100;100;10:23:35:523;4.39;0.07
10;100;100;10:23:35:563;4.40;0.07
11;100;100;10:23:36:163;4.74;0.09
12;100;100;10:23:36:763;4.96;0.11
13;100;100;10:23:36:963;5.01;0.12
14;100;100;10:23:37:373;5.09;0.13
15;100;100;10:23:37:973;5.44;0.14
16;100;100;10:23:38:483;6.03;0.15
17;100;100;10:23:38:583;5.79;0.15
18;100;100;10:23:39:113;6.21;0.17
19;100;100;10:23:39:193;6.23;0.17
20;100;100;10:23:39:793;6.60;0.19
21;100;100;10:23:40:393;6.73;0.20
22;100;100;10:23:40:993;6.92;0.21
23;100;100;10:23:41:053;7.08;0.22
24;100;100;10:23:41:433;7.44;0.22
25;100;100;10:23:41:613;7.26;0.23
26;100;100;10:23:42:213;7.64;0.25
27;100;100;10:23:42:813;8.06;0.27
28;100;100;10:23:42:923;7.83;0.27
29;100;100;10:23:43:423;8.42;0.27
30;100;100;10:23:44:023;8.51;0.28
31;100;100;10:23:44:153;8.88;0.28
32;100;100;10:23:44:633;8.80;0.29
33;100;100;10:23:45:233;9.18;0.30
34;100;100;10:23:45:833;9.57;0.31
35;100;100;10:23:46:023;9.56;0.32
36;100;100;10:23:46:443;9.94;0.33
37;100;100;10:23:46:753;6.57;0.35
38;100;100;10:23:46:793;7.94;0.37
39;100;100;10:23:46:803;8.15;0.38
40;100;100;10:23:46:853;8.46;0.43
41;100;100;10:23:46:933;9.58;0.48
42;100;100;10:23:47:093;10.34;0.50

5p
5p_20_0;50.000;40.000;0.0;0.0
Index;Element;Marker;Time;Kraft Diff.;Weg
;;;;kN;mm
1;100;5000;10:40:49:120;2.96;0.00
2;100;100;10:40:49:245;2.86;0.00
3;100;100;10:40:49:844;3.01;0.00
4;100;100;10:40:50:444;3.43;0.00
5;100;100;10:40:51:044;3.70;0.02
6;100;100;10:40:51:395;3.85;0.03
7;100;100;10:40:51:654;3.88;0.04
8;100;100;10:40:52:254;4.16;0.06
9;100;100;10:40:52:754;4.50;0.08
10;100;100;10:40:52:774;4.63;0.08
11;100;100;10:40:52:875;4.50;0.08
12;100;100;10:40:53:475;4.98;0.10
13;100;100;10:40:54:074;5.10;0.11
14;100;100;10:40:54:674;5.30;0.12
15;100;100;10:40:54:815;5.55;0.13
16;100;100;10:40:55:284;5.68;0.15
17;100;100;10:40:55:544;6.08;0.16
18;100;100;10:40:55:895;6.18;0.16
19;100;100;10:40:56:464;6.21;0.18
20;100;100;10:40:56:504;6.30;0.18
21;100;100;10:40:57:105;6.53;0.19
22;100;100;10:40:57:705;7.01;0.20
23;100;100;10:40:58:304;7.35;0.22
24;100;100;10:40:58:324;7.49;0.22
25;100;100;10:40:58:855;7.32;0.23
26;100;100;10:40:58:924;7.55;0.23
27;100;100;10:40:59:524;7.65;0.25
28;100;100;10:41:00:125;7.94;0.26
29;100;100;10:41:00:725;8.52;0.27
30;100;100;10:41:01:324;8.85;0.27
31;100;100;10:41:01:355;8.97;0.27
32;100;100;10:41:01:844;8.88;0.28
33;100;100;10:41:01:944;8.96;0.28
34;100;100;10:41:02:544;9.36;0.29
35;100;100;10:41:03:145;9.78;0.31
36;100;100;10:41:03:745;10.07;0.32
37;100;100;10:41:03:915;9.75;0.33
38;100;100;10:41:04:074;10.38;0.33
39;100;100;10:41:04:364;10.28;0.34
40;100;100;10:41:04:734;7.80;0.34
41;100;100;10:41:04:765;7.75;0.38
42;100;100;10:41:04:844;8.96;0.44
43;100;100;10:41:04:864;9.37;0.45
44;100;100;10:41:04:915;9.78;0.49
45;100;100;10:41:05:015;10.36;0.53

3p
3p_90_0;50.000;40.000;0.0;0.0
Index;Element;Marker;Time;Kraft Diff.;Weg
;;;;kN;mm
1;100;5000;10:29:39:078;8.94;0.00
2;100;100;10:29:39:652;9.23;0.00
3;100;100;10:29:40:252;9.50;0.00
4;100;100;10:29:40:853;9.79;0.00
5;100;100;10:29:41:453;10.08;0.00
6;100;100;10:29:41:643;10.31;0.00
7;100;100;10:29:42:062;10.47;0.00
8;100;100;10:29:42:663;10.81;0.00
9;100;100;10:29:43:262;10.98;0.01
10;100;100;10:29:43:862;11.11;0.01
11;100;100;10:29:44:332;11.74;0.02
12;100;100;10:29:44:472;11.48;0.02
13;100;100;10:29:45:072;11.85;0.03
14;100;100;10:29:45:672;12.16;0.04
15;100;100;10:29:46:052;6.81;0.04
16;100;510;10:29:46:052;6.81;0.04
17;100;100;10:29:46:062;8.28;0.06

x
x;50.000;40.000;0.0;0.0
Index;Element;Marker;Time;Kraft Diff.;Weg
;;;;kN;mm

