CoarseGrainedBlock 2
1;2015-11-12;09:22:57;;;27;05:57:00;
30;1;20
0.0;0.0

sample b3 did not fail within specified time frame

b1
Bplane_1;50.000;40.000;0.0;0.0
Index;Element;Marker;Time;Kraft Diff.;Weg
;;;;kN;mm
1;100;5000;15:18:08:097;1.33;0.00
2;100;100;15:18:08:796;1.29;0.00
3;100;100;15:18:11:796;1.45;0.00
4;100;100;15:18:14:796;1.72;0.00
5;100;100;15:18:17:796;2.07;0.01
6;100;100;15:18:18:946;2.32;0.05
7;100;100;15:18:19:346;1.77;0.11
8;100;100;15:18:19:696;2.31;0.16
9;100;100;15:18:19:996;2.17;0.21
10;100;100;15:18:20:246;2.27;0.27
11;100;100;15:18:20:496;2.44;0.33
12;100;100;15:18:20:796;2.18;0.39
13;100;100;15:18:21:046;2.17;0.46
14;100;100;15:18:21:196;2.12;0.50
15;100;100;15:18:21:246;2.25;0.52
16;100;100;15:18:21:446;2.05;0.58
17;100;100;15:18:21:646;1.86;0.64
18;100;100;15:18:21:846;1.97;0.71
19;100;100;15:18:22:146;2.41;0.76
20;100;100;15:18:22:796;3.17;0.79
21;100;100;15:18:24:496;3.08;0.79
22;100;100;15:18:27:496;3.07;0.81
23;100;100;15:18:29:246;3.18;0.81
24;100;100;15:18:30:546;3.27;0.82
25;100;100;15:18:33:546;3.88;0.84
26;100;100;15:18:36:546;4.09;0.86
27;100;100;15:18:38:146;4.41;0.86
28;100;100;15:18:39:396;4.61;0.87
29;100;100;15:18:39:646;4.63;0.87
30;100;100;15:18:42:646;4.49;0.88
31;100;100;15:18:45:646;4.99;0.90
32;100;100;15:18:48:646;5.45;0.91
33;100;100;15:18:49:546;5.18;0.92
34;100;100;15:18:51:696;5.57;0.93
35;100;100;15:18:54:096;6.08;0.94
36;100;100;15:18:54:746;5.78;0.94
37;100;100;15:18:57:746;6.04;0.95
38;100;100;15:19:00:046;6.35;0.97
39;100;100;15:19:00:796;6.47;0.97
40;100;100;15:19:03:796;7.09;0.99
41;100;100;15:19:06:796;7.07;1.00
42;100;100;15:19:07:646;7.50;1.01
43;100;100;15:19:09:846;7.41;1.02
44;100;100;15:19:09:896;7.57;1.02
45;100;100;15:19:12:896;7.69;1.03
46;100;100;15:19:15:896;7.78;1.04
47;100;100;15:19:18:896;8.61;1.06
48;100;100;15:19:20:046;8.41;1.07
49;100;100;15:19:21:946;8.42;1.09
50;100;100;15:19:22:546;8.90;1.09
51;100;100;15:19:24:996;8.98;1.11
52;100;100;15:19:26:496;9.29;1.12
53;100;100;15:19:28:046;9.20;1.13
54;100;100;15:19:31:046;9.71;1.15
55;100;100;15:19:32:946;9.71;1.17
56;100;510;15:19:33:996;9.89;1.19
57;100;100;15:19:34:046;2.35;1.22

b2
Bplane_2;50.000;40.000;0.0;0.0
Index;Element;Marker;Time;Kraft Diff.;Weg
;;;;kN;mm
1;100;5000;16:55:51:181;1.81;0.00
2;100;100;16:55:53:130;1.89;0.00
3;100;100;16:55:56:130;1.82;0.00
4;100;100;16:55:58:431;2.31;0.06
5;100;100;16:55:58:830;2.02;0.11
6;100;100;16:55:59:230;2.23;0.16
7;100;100;16:55:59:281;2.19;0.17
8;100;100;16:55:59:480;2.29;0.22
9;100;100;16:55:59:781;2.09;0.28
10;100;100;16:56:00:080;2.08;0.35
11;100;100;16:56:00:281;2.30;0.40
12;100;100;16:56:00:480;2.05;0.46
13;100;100;16:56:00:681;1.77;0.52
14;100;100;16:56:00:880;2.07;0.58
15;100;100;16:56:01:031;2.07;0.63
16;100;100;16:56:01:230;1.94;0.70
17;100;100;16:56:01:380;2.50;0.75
18;100;100;16:56:01:580;2.50;0.82
19;100;100;16:56:01:830;2.74;0.87
20;100;100;16:56:02:880;2.95;0.90
21;100;100;16:56:05:431;3.38;0.91
22;100;100;16:56:05:931;3.28;0.91
23;100;100;16:56:08:181;3.45;0.92
24;100;100;16:56:08:980;3.46;0.92
25;100;100;16:56:11:980;3.82;0.94
26;100;100;16:56:14:980;4.14;0.95
27;100;100;16:56:17:980;4.24;0.96
28;100;100;16:56:20:330;4.46;0.97
29;100;100;16:56:21:031;4.53;0.97
30;100;100;16:56:21:580;4.80;0.98
31;100;100;16:56:24:080;4.90;0.98
32;100;100;16:56:27:080;5.37;0.99
33;100;100;16:56:30:080;5.61;1.00
34;100;100;16:56:33:080;5.93;1.00
35;100;100;16:56:35:781;6.24;1.02
36;100;100;16:56:35:830;6.02;1.02
37;100;100;16:56:36:181;5.93;1.02
38;100;100;16:56:39:181;6.35;1.04
39;100;100;16:56:42:181;6.79;1.06
40;100;100;16:56:43:730;6.66;1.07
41;100;100;16:56:45:230;7.06;1.08
42;100;100;16:56:48:230;6.99;1.10
43;100;100;16:56:50:031;7.72;1.11
44;100;100;16:56:51:281;7.49;1.12
45;100;100;16:56:51:431;7.54;1.12
46;100;100;16:56:51:681;3.28;1.17
47;100;100;16:56:51:730;3.07;1.21
48;100;100;16:56:51:830;3.79;1.31
49;100;100;16:56:51:880;7.02;1.34
50;100;100;16:56:54:531;8.09;1.35

b3
Bplane_3;50.000;40.000;0.0;0.0
Index;Element;Marker;Time;Kraft Diff.;Weg
;;;;kN;mm
1;100;5000;17:08:57:310;1.61;0.00
2;100;100;17:08:59:690;1.57;0.00
3;100;100;17:09:02:690;1.73;0.00
4;100;100;17:09:05:690;2.02;0.01
5;100;100;17:09:06:940;1.96;0.05
6;100;100;17:09:07:440;2.22;0.11
7;100;100;17:09:07:840;1.91;0.17
8;100;100;17:09:08:190;1.88;0.23
9;100;100;17:09:08:490;2.00;0.29
10;100;100;17:09:08:690;2.07;0.34
11;100;100;17:09:08:940;2.24;0.39
12;100;100;17:09:09:040;1.86;0.42
13;100;100;17:09:09:090;2.01;0.44
14;100;100;17:09:09:290;2.20;0.50
15;100;100;17:09:09:440;1.98;0.55
16;100;100;17:09:09:590;2.07;0.60
17;100;100;17:09:09:790;2.18;0.66
18;100;100;17:09:09:940;2.08;0.72
19;100;100;17:09:10:190;2.84;0.77
20;100;100;17:09:10:440;2.99;0.78
21;100;100;17:09:12:440;2.76;0.80
22;100;100;17:09:15:440;3.17;0.80
23;100;100;17:09:18:440;3.72;0.81
24;100;100;17:09:21:440;3.69;0.82
25;100;100;17:09:24:440;3.86;0.82
26;100;100;17:09:26:440;4.48;0.82
27;100;100;17:09:26:840;4.25;0.82
28;100;100;17:09:27:540;4.19;0.82
29;100;100;17:09:30:540;4.64;0.83
30;100;100;17:09:33:540;5.10;0.83
31;100;100;17:09:36:540;5.39;0.83
32;100;100;17:09:39:540;5.46;0.84
33;100;100;17:09:40:540;5.89;0.84
34;100;100;17:09:42:590;5.75;0.84
35;100;100;17:09:45:590;6.09;0.84
36;100;100;17:09:48:590;6.64;0.84
37;100;100;17:09:51:590;6.63;0.85
38;100;100;17:09:54:590;7.12;0.85
39;100;100;17:09:55:440;7.37;0.85
40;100;100;17:09:57:640;7.51;0.86
41;100;100;17:10:00:640;7.45;0.86
42;100;100;17:10:03:640;8.22;0.86
43;100;100;17:10:06:640;8.11;0.86
44;100;100;17:10:08:990;8.81;0.87
45;100;100;17:10:09:690;8.63;0.87
46;100;100;17:10:12:690;8.82;0.87
47;100;100;17:10:15:690;9.01;0.87
48;100;100;17:10:16:090;9.01;0.88
49;100;100;17:10:18:740;9.71;0.88
50;100;100;17:10:21:740;9.78;0.88
51;100;100;17:10:24:040;10.22;0.89
52;100;100;17:10:24:790;9.85;0.89
53;100;100;17:10:27:790;10.55;0.89
54;100;100;17:10:30:790;10.41;0.90
55;100;100;17:10:33:790;11.14;0.90
56;100;100;17:10:36:790;11.25;0.90
57;100;100;17:10:37:640;11.68;0.90
58;100;100;17:10:39:840;11.69;0.90
59;100;100;17:10:42:840;11.99;0.91
60;100;100;17:10:45:840;11.81;0.91
61;100;100;17:10:48:840;12.65;0.91
62;100;100;17:10:51:690;13.14;0.91
63;100;100;17:10:51:890;12.58;0.91
64;100;100;17:10:54:890;13.39;0.91
65;100;100;17:10:57:890;13.17;0.92
66;100;100;17:11:00:890;13.98;0.92
67;100;100;17:11:03:890;13.93;0.92
68;100;100;17:11:06:340;14.60;0.92
69;100;100;17:11:06:940;14.27;0.92
70;100;100;17:11:09:940;14.90;0.92
71;100;100;17:11:10:790;14.70;0.93
72;100;100;17:11:12:990;14.65;0.93
73;100;100;17:11:15:990;15.24;0.93
74;100;100;17:11:18:990;15.76;0.94
75;100;100;17:11:20:640;16.02;0.94
76;100;100;17:11:22:040;15.91;0.94
77;100;100;17:11:25:040;16.16;0.94
78;100;100;17:11:28:040;16.64;0.95
79;100;100;17:11:31:040;16.92;0.95
80;100;100;17:11:33:990;17.44;0.95
81;100;100;17:11:34:090;16.74;0.95
82;100;100;17:11:37:090;17.18;0.95
83;100;100;17:11:40:090;17.69;0.96
84;100;100;17:11:43:090;18.22;0.96
85;100;100;17:11:46:090;18.34;0.96
86;100;100;17:11:48:240;18.89;0.96
87;100;100;17:11:49:140;18.40;0.96
88;100;100;17:11:52:140;18.44;0.97
89;100;100;17:11:55:140;19.41;0.97
90;100;100;17:11:58:140;19.23;0.97
91;100;100;17:12:01:140;19.66;0.97
92;100;100;17:12:02:490;20.29;0.97
93;100;100;17:12:04:190;20.46;0.97
94;100;100;17:12:07:190;20.00;0.97
95;100;100;17:12:10:190;20.91;0.97
96;100;100;17:12:11:540;21.03;0.98
97;100;100;17:12:13:240;21.17;0.98
98;100;100;17:12:16:090;21.77;0.98
99;100;100;17:12:16:290;20.94;0.98
100;100;100;17:12:19:290;21.52;0.98
101;100;100;17:12:22:290;22.30;0.98
102;100;100;17:12:25:290;21.93;0.99
103;100;100;17:12:28:290;22.30;0.99
104;100;100;17:12:30:990;23.23;0.99
105;100;100;17:12:31:340;23.18;0.99
106;100;100;17:12:34:340;22.80;0.99
107;100;100;17:12:37:340;23.39;0.99
108;100;100;17:12:40:340;24.00;0.99
109;100;100;17:12:43:340;23.61;0.99
110;100;100;17:12:45:190;24.67;1.00
111;100;100;17:12:46:390;23.74;1.00
112;100;100;17:12:49:390;24.62;1.00
113;100;100;17:12:52:390;25.33;1.00
114;100;100;17:12:55:390;25.34;1.00
115;100;100;17:12:58:390;25.07;1.01
116;100;100;17:13:00:290;26.09;1.01
117;100;100;17:13:01:440;25.25;1.01
118;100;100;17:13:04:440;26.45;1.01
119;100;100;17:13:07:440;26.25;1.01
120;100;100;17:13:10:440;26.34;1.02
121;100;100;17:13:13:440;27.23;1.02
122;100;100;17:13:13:690;27.55;1.02
123;100;100;17:13:16:490;27.65;1.02
124;100;100;17:13:19:490;27.80;1.02
125;100;100;17:13:22:490;27.94;1.02
126;100;100;17:13:25:490;28.12;1.02
127;100;100;17:13:27:440;28.23;1.03
128;100;100;17:13:28:290;28.99;1.03
129;100;100;17:13:28:590;28.73;1.03
130;100;100;17:13:31:590;28.50;1.03
131;100;100;17:13:34:590;29.00;1.03
132;100;100;17:13:37:590;28.61;1.03
133;100;100;17:13:38:740;30.43;1.04
134;100;100;17:13:38:840;28.86;1.03
135;100;100;17:13:39:390;30.32;1.04
136;100;100;17:13:39:490;28.82;1.03
137;100;100;17:13:39:790;30.22;1.04
138;100;100;17:13:40:540;28.77;1.03
139;100;100;17:13:40:640;30.23;1.04
140;100;100;17:13:40:940;29.43;1.04
141;100;100;17:13:43:940;29.80;1.04
142;100;100;17:13:46:940;30.40;1.05
143;100;100;17:13:49:940;30.58;1.05
144;100;100;17:13:52:490;31.70;1.06
145;100;100;17:13:52:590;30.27;1.05
146;100;100;17:13:53:040;31.51;1.06
147;100;100;17:13:53:190;31.80;1.06
148;100;100;17:13:53:290;30.03;1.05
149;100;100;17:13:53:390;31.50;1.06
150;100;100;17:13:53:990;30.02;1.06
151;100;100;17:13:54:090;31.78;1.06
152;100;100;17:13:54:340;29.88;1.06
153;100;100;17:13:54:440;31.82;1.06
154;100;100;17:13:54:690;30.37;1.06
155;100;100;17:13:54:790;31.87;1.06
156;100;100;17:13:55:040;30.02;1.06
157;100;100;17:13:55:140;32.14;1.06
158;100;100;17:13:55:240;30.40;1.06
159;100;100;17:13:55:490;32.06;1.06
160;100;100;17:13:55:590;30.56;1.06
161;100;100;17:13:55:840;32.06;1.06
162;100;100;17:13:55:940;30.57;1.06
163;100;100;17:13:56:190;32.25;1.06
164;100;100;17:13:56:290;30.30;1.06
165;100;100;17:13:56:390;31.94;1.06
166;100;100;17:13:56:640;30.47;1.06
167;100;100;17:13:56:890;32.01;1.06
168;100;100;17:13:56:990;30.54;1.06
169;100;100;17:13:57:140;31.16;1.06
170;100;100;17:13:57:240;32.01;1.06
171;100;100;17:13:57:340;30.51;1.06
172;100;100;17:13:57:440;32.11;1.06
173;100;100;17:13:57:690;30.69;1.06
174;100;100;17:13:58:140;32.28;1.06
175;100;100;17:13:58:240;30.76;1.06
176;100;100;17:13:58:490;32.54;1.06
177;100;100;17:13:58:590;30.79;1.06
178;100;100;17:13:58:840;32.25;1.06
179;100;100;17:13:58:940;30.82;1.06
180;100;100;17:13:59:190;32.55;1.06
181;100;100;17:13:59:290;30.64;1.06
182;100;100;17:13:59:390;32.05;1.06
183;100;100;17:14:00:340;30.51;1.06
184;100;100;17:14:00:440;32.40;1.06
185;100;100;17:14:00:690;30.73;1.06
186;100;100;17:14:00:790;32.35;1.06
187;100;100;17:14:00:990;32.22;1.06
188;100;100;17:14:01:040;30.82;1.06
189;100;100;17:14:01:140;32.49;1.06
190;100;100;17:14:01:390;30.54;1.06
191;100;100;17:14:01:490;32.76;1.06
192;100;100;17:14:01:590;31.13;1.06
193;100;100;17:14:01:840;32.62;1.06
194;100;100;17:14:02:090;30.78;1.06
195;100;100;17:14:02:190;32.89;1.07
196;100;100;17:14:02:290;31.43;1.06
197;100;100;17:14:02:540;32.98;1.07
198;100;100;17:14:02:640;31.00;1.06
199;100;100;17:14:02:740;32.44;1.07
200;100;100;17:14:03:690;30.99;1.07
201;100;100;17:14:03:790;32.71;1.07
202;100;100;17:14:04:040;31.13;1.07
203;100;100;17:14:04:140;32.54;1.07
204;100;100;17:14:04:390;30.95;1.07
205;100;100;17:14:04:490;32.99;1.07
206;100;100;17:14:04:590;31.40;1.07
207;100;100;17:14:04:640;32.85;1.07
208;100;100;17:14:04:740;31.18;1.07
209;100;100;17:14:04:840;32.86;1.07
210;100;100;17:14:05:090;31.29;1.07
211;100;100;17:14:05:140;31.52;1.07
212;100;100;17:14:05:190;32.82;1.07
213;100;100;17:14:05:440;31.17;1.07
214;100;100;17:14:05:540;33.16;1.07
215;100;100;17:14:05:640;31.45;1.07
216;100;100;17:14:05:740;33.04;1.07
217;100;100;17:14:05:790;31.51;1.07
218;100;100;17:14:05:890;33.05;1.07
219;100;100;17:14:05:990;31.64;1.07
220;100;100;17:14:06:240;33.13;1.07
221;100;100;17:14:06:340;31.52;1.07
222;100;100;17:14:06:590;33.35;1.07
223;100;100;17:14:06:690;31.53;1.07
224;100;100;17:14:06:790;32.99;1.07
225;100;100;17:14:06:890;31.30;1.07
226;100;100;17:14:06:940;32.76;1.07
227;100;100;17:14:08:890;33.30;1.07
228;100;100;17:14:11:890;33.58;1.07
229;100;100;17:14:13:840;34.19;1.07
230;100;100;17:14:13:890;32.58;1.07
231;100;100;17:14:14:890;34.08;1.07
232;100;100;17:14:14:990;31.76;1.07
233;100;100;17:14:15:040;33.38;1.07
234;100;100;17:14:15:140;32.69;1.07
235;100;100;17:14:15:940;33.90;1.08
236;100;100;17:14:18:190;32.58;1.07
237;100;100;17:14:21:190;33.52;1.08
238;100;100;17:14:21:940;34.90;1.08
239;100;100;17:14:21:990;33.45;1.08
240;100;100;17:14:22:290;34.92;1.08
241;100;100;17:14:22:390;33.15;1.08
242;100;100;17:14:22:440;34.63;1.08
243;100;100;17:14:22:540;32.81;1.08
244;100;100;17:14:22:640;34.70;1.08
245;100;100;17:14:22:890;32.65;1.08
246;100;100;17:14:22:990;34.93;1.08
247;100;100;17:14:23:040;33.45;1.08
248;100;100;17:14:23:140;34.93;1.08
249;100;100;17:14:23:240;32.64;1.08
250;100;100;17:14:23:290;34.11;1.08
251;100;100;17:14:24:840;34.61;1.08
252;100;100;17:14:27:840;34.58;1.08
253;100;100;17:14:28:490;35.60;1.09
254;100;100;17:14:28:540;34.07;1.09
255;100;100;17:14:28:640;35.47;1.08
256;100;100;17:14:28:740;33.41;1.08
257;100;100;17:14:28:840;35.27;1.09
258;100;100;17:14:29:090;33.73;1.09
259;100;100;17:14:29:340;35.68;1.09
260;100;100;17:14:29:390;34.02;1.09
261;100;100;17:14:29:690;35.48;1.09
262;100;100;17:14:29:740;33.97;1.09
263;100;100;17:14:30:040;35.43;1.09
264;100;100;17:14:30:090;33.60;1.09
265;100;100;17:14:30:190;35.62;1.09
266;100;100;17:14:30:290;33.76;1.09
267;100;100;17:14:30:390;35.57;1.09
268;100;100;17:14:30:440;33.67;1.09
269;100;100;17:14:30:540;35.38;1.09
270;100;100;17:14:30:790;33.75;1.09
271;100;100;17:14:30:890;35.63;1.09
272;100;100;17:14:31:140;33.35;1.09
273;100;100;17:14:31:240;35.67;1.09
274;100;100;17:14:31:490;33.67;1.09
275;100;100;17:14:31:590;35.55;1.09
276;100;100;17:14:31:840;33.60;1.09
277;100;100;17:14:31:890;35.15;1.09
278;100;100;17:14:32:090;35.93;1.09
279;100;100;17:14:32:190;33.44;1.09
280;100;100;17:14:32:240;35.23;1.09
281;100;100;17:14:35:190;36.03;1.09
282;100;100;17:14:38:190;35.69;1.10
283;100;100;17:14:39:740;36.69;1.11
284;100;100;17:14:39:790;35.06;1.11
285;100;100;17:14:40:390;36.60;1.11
286;100;100;17:14:40:490;34.66;1.11
287;100;100;17:14:40:590;36.35;1.11
288;100;100;17:14:40:840;34.87;1.11
289;100;100;17:14:41:090;36.59;1.11
290;100;100;17:14:41:190;35.16;1.11
291;100;100;17:14:41:440;36.67;1.11
292;100;100;17:14:41:490;35.17;1.11
293;100;100;17:14:41:690;35.19;1.11
294;100;100;17:14:42:090;36.98;1.12
295;100;100;17:14:42:190;35.14;1.11
296;100;100;17:14:42:440;36.54;1.12
297;100;100;17:14:42:640;35.06;1.12
298;100;100;17:14:42:740;36.75;1.12
299;100;100;17:14:42:840;35.29;1.11
300;100;100;17:14:42:890;36.78;1.12
301;100;100;17:14:42:990;34.94;1.12
302;100;100;17:14:43:090;36.65;1.12
303;100;100;17:14:43:640;35.08;1.12
304;100;100;17:14:43:740;36.54;1.12
305;100;100;17:14:44:140;35.03;1.12
306;100;100;17:14:44:190;36.78;1.12
307;100;100;17:14:44:290;35.37;1.12
308;100;100;17:14:44:540;36.90;1.12
309;100;100;17:14:44:790;34.84;1.12
310;100;100;17:14:44:840;36.53;1.12
311;100;100;17:14:45:040;37.01;1.13
312;100;100;17:14:45:590;35.44;1.12
313;100;100;17:14:46:890;35.12;1.13
314;100;100;17:14:46:940;36.59;1.13
315;100;100;17:14:48:690;37.08;1.14
316;100;100;17:14:51:690;36.22;1.15
317;100;100;17:14:54:490;36.51;1.18
318;100;100;17:14:54:740;36.56;1.18
319;100;100;17:14:57:340;38.09;1.20
320;100;100;17:14:57:540;36.63;1.20
321;100;100;17:14:57:840;36.92;1.20
322;100;100;17:14:58:040;38.34;1.21
323;100;100;17:14:58:240;36.68;1.21
324;100;100;17:14:58:640;38.11;1.21
325;100;100;17:14:59:190;36.70;1.21
326;100;100;17:14:59:390;38.36;1.21
327;100;100;17:14:59:640;36.82;1.21
328;100;100;17:14:59:690;38.38;1.21
329;100;100;17:14:59:790;36.91;1.21
330;100;100;17:15:00:440;38.34;1.21
331;100;100;17:15:00:540;36.87;1.21
332;100;100;17:15:00:740;38.35;1.21
333;100;100;17:15:00:990;36.91;1.22
334;100;100;17:15:01:090;38.34;1.22
335;100;100;17:15:01:290;36.73;1.22
336;100;100;17:15:01:390;38.59;1.22
337;100;100;17:15:01:590;37.44;1.22
338;100;100;17:15:01:640;37.11;1.22
339;100;100;17:15:01:840;38.64;1.22
340;100;100;17:15:01:940;36.66;1.22
341;100;100;17:15:01:990;38.31;1.22
342;100;100;17:15:02:240;36.73;1.22
343;100;100;17:15:02:340;38.22;1.22
344;100;100;17:15:03:640;36.70;1.22
345;100;100;17:15:03:690;38.44;1.22
346;100;100;17:15:03:940;36.98;1.22
347;100;100;17:15:04:040;38.48;1.23
348;100;100;17:15:04:490;39.11;1.23
349;100;100;17:15:05:140;38.21;1.23
350;100;100;17:15:05:340;36.94;1.23
351;100;100;17:15:05:390;38.63;1.23
352;100;100;17:15:05:640;37.05;1.23
353;100;100;17:15:05:690;38.58;1.23
354;100;100;17:15:06:390;37.08;1.23
355;100;100;17:15:06:440;38.87;1.23
356;100;100;17:15:06:690;37.12;1.23
357;100;100;17:15:06:740;38.92;1.23
358;100;100;17:15:06:840;37.40;1.23
359;100;100;17:15:06:890;39.19;1.23
360;100;100;17:15:06:990;37.29;1.23
361;100;100;17:15:07:040;38.85;1.23
362;100;100;17:15:07:690;37.20;1.23
363;100;100;17:15:07:790;39.61;1.23
364;100;100;17:15:07:840;37.69;1.23
365;100;100;17:15:07:940;39.27;1.24
366;100;100;17:15:07:990;37.38;1.23
367;100;100;17:15:08:090;38.84;1.23
368;100;100;17:15:08:140;37.44;1.23
369;100;100;17:15:08:190;39.26;1.23
370;100;100;17:15:08:290;37.45;1.23
371;100;100;17:15:08:340;38.95;1.24
372;100;100;17:15:08:690;37.39;1.24
373;100;100;17:15:08:790;39.25;1.24
374;100;100;17:15:08:840;37.64;1.24
375;100;100;17:15:08:890;39.33;1.24
376;100;100;17:15:08:990;37.25;1.23
377;100;100;17:15:09:040;39.17;1.24
378;100;100;17:15:09:140;37.52;1.24
379;100;100;17:15:09:190;39.58;1.24
380;100;100;17:15:09:290;38.10;1.24
381;100;100;17:15:09:340;39.67;1.24
382;100;100;17:15:09:390;37.39;1.24
383;100;100;17:15:09:490;39.77;1.24
384;100;100;17:15:09:540;37.75;1.24
385;100;100;17:15:09:640;39.41;1.24
386;100;100;17:15:09:690;37.43;1.24
387;100;100;17:15:09:740;38.95;1.24
388;100;100;17:15:09:840;37.54;1.24
389;100;100;17:15:09:890;39.85;1.24
390;100;100;17:15:09:990;37.52;1.24
391;100;100;17:15:10:040;39.51;1.24
392;100;100;17:15:10:090;38.03;1.24
393;100;100;17:15:10:190;39.97;1.25
394;100;100;17:15:10:240;37.90;1.24
395;100;100;17:15:10:340;39.78;1.25
396;100;100;17:15:10:390;37.40;1.24
397;100;100;17:15:10:490;39.50;1.25
398;100;100;17:15:10:540;37.67;1.24
399;100;100;17:15:10:590;39.75;1.25
400;100;100;17:15:10:640;38.94;1.25
401;100;100;17:15:10:690;37.36;1.24
402;100;100;17:15:10:740;39.51;1.25
403;100;100;17:15:10:840;37.52;1.25
404;100;100;17:15:10:890;39.92;1.25
405;100;100;17:15:10:940;38.40;1.25
406;100;100;17:15:11:040;39.88;1.25
407;100;100;17:15:11:090;37.44;1.25
408;100;100;17:15:11:190;40.09;1.26
409;100;100;17:15:11:240;37.97;1.25
410;100;100;17:15:11:340;39.60;1.26
411;100;100;17:15:11:390;37.44;1.25
412;100;100;17:15:11:440;39.34;1.26
413;100;100;17:15:11:540;37.54;1.25
414;100;100;17:15:11:590;40.09;1.26
415;100;100;17:15:11:690;37.73;1.26
416;100;100;17:15:11:740;39.72;1.26
417;100;100;17:15:11:790;37.94;1.26
418;100;100;17:15:11:890;40.11;1.26
419;100;100;17:15:11:940;37.81;1.26
420;100;100;17:15:12:040;40.09;1.26
421;100;100;17:15:12:090;37.51;1.26
422;100;100;17:15:12:190;39.55;1.26
423;100;100;17:15:12:240;37.86;1.26
424;100;100;17:15:12:290;40.08;1.26
425;100;100;17:15:12:390;37.59;1.26
426;100;100;17:15:12:440;39.79;1.26
427;100;100;17:15:12:540;37.61;1.26
428;100;100;17:15:12:590;40.24;1.27
429;100;100;17:15:12:640;38.44;1.26
430;100;100;17:15:12:740;40.11;1.27
431;100;100;17:15:12:790;37.51;1.27
432;100;100;17:15:12:890;40.15;1.27
433;100;100;17:15:12:940;37.89;1.27
434;100;100;17:15:12:990;39.35;1.27
435;100;100;17:15:13:090;37.56;1.26
436;100;100;17:15:13:140;39.56;1.27
437;100;100;17:15:13:240;37.56;1.27
438;100;100;17:15:13:290;40.23;1.27
439;100;100;17:15:13:390;37.76;1.27
440;100;100;17:15:13:440;40.04;1.27
441;100;100;17:15:13:490;37.97;1.27
442;100;100;17:15:13:590;40.30;1.27
443;100;100;17:15:13:640;37.95;1.27
444;100;100;17:15:13:740;40.25;1.27
445;100;100;17:15:13:790;37.52;1.27
446;100;100;17:15:13:840;39.28;1.27
447;100;100;17:15:13:940;37.86;1.27
448;100;100;17:15:13:990;40.27;1.28
449;100;100;17:15:14:090;37.45;1.27
450;100;100;17:15:14:140;40.04;1.28
451;100;100;17:15:14:240;37.96;1.27
452;100;100;17:15:14:290;40.38;1.28
453;100;100;17:15:14:340;38.45;1.28
454;100;100;17:15:14:440;40.34;1.28
455;100;100;17:15:14:490;37.51;1.28
456;100;100;17:15:14:540;38.91;1.28
457;100;100;17:15:14:590;40.51;1.28
458;100;100;17:15:14:640;37.85;1.28
459;100;100;17:15:14:690;39.85;1.28
460;100;100;17:15:14:790;37.64;1.28
461;100;100;17:15:14:840;39.90;1.28
462;100;100;17:15:14:940;37.82;1.28
463;100;100;17:15:14:990;40.65;1.28
464;100;100;17:15:15:040;39.08;1.28
465;100;100;17:15:15:290;40.53;1.29
466;100;100;17:15:15:340;37.99;1.28
467;100;100;17:15:15:390;39.55;1.28
468;100;100;17:15:15:490;37.57;1.28
469;100;100;17:15:15:540;39.97;1.29
470;100;100;17:15:15:740;38.06;1.29
471;100;100;17:15:15:840;40.11;1.29
472;100;100;17:15:15:890;37.59;1.29
473;100;100;17:15:15:940;40.10;1.29
474;100;100;17:15:16:040;38.27;1.29
475;100;100;17:15:16:090;40.85;1.29
476;100;100;17:15:16:140;38.49;1.29
477;100;100;17:15:16:240;40.25;1.29
478;100;100;17:15:16:290;37.81;1.29
479;100;100;17:15:16:340;40.33;1.29
480;100;100;17:15:16:440;38.08;1.29
481;100;100;17:15:16:490;40.51;1.29
482;100;100;17:15:16:540;37.90;1.29
483;100;100;17:15:16:590;39.95;1.30
484;100;100;17:15:16:790;38.11;1.30
485;100;100;17:15:16:840;40.17;1.30
486;100;100;17:15:16:890;37.99;1.30
487;100;100;17:15:16:940;40.13;1.30
488;100;100;17:15:17:140;38.11;1.30
489;100;100;17:15:17:190;40.39;1.30
490;100;100;17:15:17:240;37.97;1.30
491;100;100;17:15:17:290;39.71;1.30
492;100;100;17:15:17:490;37.95;1.30
493;100;100;17:15:17:540;40.42;1.30
494;100;100;17:15:17:590;38.04;1.30
495;100;100;17:15:17:640;40.23;1.30
496;100;100;17:15:17:690;38.72;1.30
497;100;100;17:15:17:990;40.69;1.30
498;100;100;17:15:18:040;38.70;1.30
499;100;100;17:15:18:090;40.34;1.30
500;100;100;17:15:18:290;37.90;1.30
501;100;100;17:15:18:340;40.62;1.31
502;100;100;17:15:18:390;38.53;1.31
503;100;100;17:15:18:440;40.67;1.31
504;100;100;17:15:18:490;39.04;1.31
505;100;100;17:15:18:690;40.75;1.31
506;100;100;17:15:18:740;38.34;1.31
507;100;100;17:15:18:790;41.07;1.31
508;100;100;17:15:18:840;38.51;1.31
509;100;100;17:15:18:890;40.51;1.31
510;100;100;17:15:18:940;38.41;1.31
511;100;100;17:15:18:990;39.98;1.31
512;100;100;17:15:19:190;39.25;1.32
513;100;100;17:15:19:390;38.47;1.32
514;100;100;17:15:19:440;40.95;1.32
515;100;100;17:15:19:490;38.47;1.32
516;100;100;17:15:19:540;40.86;1.33
517;100;100;17:15:19:590;37.82;1.32
518;100;100;17:15:19:640;40.61;1.32
519;100;100;17:15:19:690;38.35;1.33
520;100;100;17:15:19:740;41.00;1.33
521;100;100;17:15:19:790;38.57;1.33
522;100;100;17:15:19:840;40.66;1.33
523;100;100;17:15:19:890;38.80;1.33
524;100;100;17:15:20:290;40.32;1.33
525;100;100;17:15:20:340;38.58;1.33
526;100;100;17:15:20:390;40.83;1.34
527;100;100;17:15:20:440;38.44;1.34
528;100;100;17:15:20:490;41.15;1.34
529;100;100;17:15:20:540;38.36;1.34
530;100;100;17:15:20:590;41.00;1.34
531;100;100;17:15:20:640;37.89;1.34
532;100;100;17:15:20:690;40.82;1.34
533;100;100;17:15:20:740;38.43;1.34
534;100;100;17:15:20:790;41.10;1.34
535;100;100;17:15:20:840;38.88;1.34
536;100;100;17:15:20:890;40.40;1.34
537;100;100;17:15:20:940;38.99;1.34
538;100;100;17:15:21:340;40.42;1.36
539;100;100;17:15:21:390;38.67;1.35
540;100;100;17:15:21:440;41.09;1.36
541;100;100;17:15:21:490;38.55;1.36
542;100;100;17:15:21:540;41.19;1.36
543;100;100;17:15:21:590;38.30;1.36
544;100;100;17:15:21:640;41.11;1.36
545;100;100;17:15:21:690;37.86;1.36
546;100;100;17:15:21:740;41.09;1.36
547;100;100;17:15:21:790;38.50;1.36
548;100;100;17:15:21:840;41.58;1.36
549;100;100;17:15:21:890;38.64;1.36
550;100;100;17:15:21:940;40.72;1.36
551;100;100;17:15:21:990;38.59;1.36
552;100;100;17:15:22:040;40.51;1.36
553;100;100;17:15:22:090;39.10;1.36
554;100;100;17:15:22:390;40.51;1.37
555;100;100;17:15:22:440;39.04;1.37
556;100;100;17:15:22:490;41.29;1.37
557;100;100;17:15:22:540;38.65;1.37
558;100;100;17:15:22:590;41.14;1.37
559;100;100;17:15:22:640;38.13;1.37
560;100;100;17:15:22:690;41.28;1.37
561;100;100;17:15:22:740;38.03;1.37
562;100;100;17:15:22:790;41.36;1.37
563;100;100;17:15:22:840;38.47;1.37
564;100;100;17:15:22:890;41.78;1.38
565;100;100;17:15:22:940;38.57;1.37
566;100;100;17:15:22:990;40.93;1.37
567;100;100;17:15:23:040;38.57;1.38
568;100;100;17:15:23:090;40.70;1.38
569;100;100;17:15:23:340;40.13;1.38
570;100;100;17:15:23:390;38.97;1.38
571;100;100;17:15:23:440;40.81;1.38
572;100;100;17:15:23:490;38.98;1.38
573;100;100;17:15:23:540;41.73;1.38
574;100;100;17:15:23:590;38.55;1.38
575;100;100;17:15:23:640;41.35;1.38
576;100;100;17:15:23:690;37.90;1.38
577;100;100;17:15:23:740;41.58;1.38
578;100;100;17:15:23:790;38.06;1.38
579;100;100;17:15:23:840;41.67;1.38
580;100;100;17:15:23:890;38.55;1.38
581;100;100;17:15:23:940;41.66;1.38
582;100;100;17:15:23:990;38.91;1.38
583;100;100;17:15:24:040;40.70;1.38
584;100;100;17:15:24:090;39.14;1.39
585;100;100;17:15:24:140;40.54;1.39
586;100;100;17:15:24:440;38.41;1.39
587;100;100;17:15:24:490;41.47;1.39
588;100;100;17:15:24:540;38.63;1.39
589;100;100;17:15:24:590;42.16;1.39
590;100;100;17:15:24:640;38.36;1.39
591;100;100;17:15:24:690;41.71;1.39
592;100;100;17:15:24:740;37.80;1.39
593;100;100;17:15:24:790;41.74;1.39
594;100;100;17:15:24:840;38.36;1.39
595;100;100;17:15:24:890;41.79;1.39
596;100;100;17:15:24:940;38.53;1.39
597;100;100;17:15:24:990;41.38;1.39
598;100;100;17:15:25:040;39.10;1.39
599;100;100;17:15:25:090;40.59;1.39
600;100;100;17:15:25:390;39.00;1.39
601;100;100;17:15:25:440;41.66;1.39
602;100;100;17:15:25:490;38.31;1.39
603;100;100;17:15:25:540;41.95;1.39
604;100;100;17:15:25:590;38.44;1.39
605;100;100;17:15:25:640;42.38;1.39
606;100;100;17:15:25:690;38.27;1.39
607;100;100;17:15:25:740;41.79;1.39
608;100;100;17:15:25:790;37.99;1.39
609;100;100;17:15:25:840;41.72;1.39
610;100;100;17:15:25:890;39.25;1.39
611;100;100;17:15:25:940;41.19;1.39
612;100;100;17:15:26:040;39.65;1.39
613;100;100;17:15:26:090;41.73;1.39
614;100;100;17:15:26:140;38.13;1.39
615;100;100;17:15:26:190;42.02;1.40
616;100;100;17:15:26:240;38.40;1.39
617;100;100;17:15:26:290;42.58;1.40
618;100;100;17:15:26:340;38.47;1.40
619;100;100;17:15:26:390;41.56;1.40
620;100;100;17:15:26:440;38.53;1.40
621;100;100;17:15:26:490;40.99;1.40
622;100;100;17:15:26:690;39.48;1.40
623;100;100;17:15:26:740;41.86;1.40
624;100;100;17:15:26:790;38.20;1.40
625;100;100;17:15:26:840;41.91;1.40
626;100;100;17:15:26:890;38.11;1.40
627;100;100;17:15:26:940;42.30;1.40
628;100;100;17:15:26:990;39.25;1.40
629;100;100;17:15:27:040;40.90;1.40
630;100;100;17:15:27:240;38.41;1.40
631;100;100;17:15:27:290;42.54;1.40
632;100;100;17:15:27:340;38.52;1.40
633;100;100;17:15:27:390;42.44;1.40
634;100;100;17:15:27:440;38.19;1.40
635;100;100;17:15:27:490;41.08;1.40
636;100;100;17:15:27:690;38.72;1.40
637;100;100;17:15:27:740;42.44;1.41
638;100;100;17:15:27:790;38.02;1.40
639;100;100;17:15:27:840;42.31;1.41
640;100;100;17:15:27:890;37.94;1.40
641;100;100;17:15:27:940;42.31;1.41
642;100;100;17:15:27:990;39.24;1.41
643;100;100;17:15:28:040;41.54;1.41
644;100;100;17:15:28:140;39.63;1.41
645;100;100;17:15:28:190;42.14;1.41
646;100;100;17:15:28:240;38.29;1.41
647;100;100;17:15:28:290;42.78;1.41
648;100;100;17:15:28:340;38.62;1.41
649;100;100;17:15:28:390;42.45;1.41
650;100;100;17:15:28:440;39.26;1.41
651;100;100;17:15:28:490;40.80;1.41
652;100;100;17:15:28:590;39.22;1.41
653;100;100;17:15:28:640;43.01;1.41
654;100;100;17:15:28:690;38.30;1.41
655;100;100;17:15:28:740;42.61;1.41
656;100;100;17:15:28:790;38.88;1.41
657;100;100;17:15:28:840;41.10;1.41
658;100;100;17:15:28:940;39.64;1.41
659;100;100;17:15:28:990;42.54;1.42
660;100;100;17:15:29:040;38.66;1.41
661;100;100;17:15:29:090;42.89;1.42
662;100;100;17:15:29:140;37.92;1.41
663;100;100;17:15:29:190;41.85;1.42
664;100;100;17:15:29:240;39.18;1.41
665;100;100;17:15:29:290;41.21;1.42
666;100;100;17:15:29:490;38.91;1.41
667;100;100;17:15:29:540;42.34;1.42
668;100;100;17:15:29:590;37.96;1.42
669;100;100;17:15:29:640;42.84;1.43
670;100;100;17:15:29:690;39.29;1.42
671;100;100;17:15:29:740;41.86;1.42
672;100;100;17:15:29:790;40.17;1.43
673;100;100;17:15:29:890;42.20;1.43
674;100;100;17:15:29:940;38.70;1.42
675;100;100;17:15:29:990;42.86;1.43
676;100;100;17:15:30:040;38.34;1.43
677;100;100;17:15:30:090;42.90;1.43
678;100;100;17:15:30:140;39.57;1.43
679;100;100;17:15:30:240;41.43;1.43
680;100;100;17:15:30:290;39.17;1.43
681;100;100;17:15:30:340;43.15;1.43
682;100;100;17:15:30:390;38.49;1.43
683;100;100;17:15:30:440;43.08;1.43
684;100;100;17:15:30:490;38.59;1.43
685;100;100;17:15:30:540;41.38;1.44
686;100;100;17:15:30:640;39.65;1.43
687;100;100;17:15:30:690;42.60;1.44
688;100;100;17:15:30:740;38.76;1.44
689;100;100;17:15:30:790;43.33;1.44
690;100;100;17:15:30:840;38.02;1.44
691;100;100;17:15:30:890;42.56;1.44
692;100;100;17:15:30:940;38.87;1.44
693;100;100;17:15:30:990;41.45;1.44
694;100;100;17:15:31:090;39.61;1.44
695;100;100;17:15:31:140;42.93;1.44
696;100;100;17:15:31:190;38.24;1.44
697;100;100;17:15:31:240;42.82;1.44
698;100;100;17:15:31:290;38.16;1.44
699;100;100;17:15:31:340;42.24;1.44
700;100;100;17:15:31:390;40.44;1.44
701;100;100;17:15:31:490;42.51;1.44
702;100;100;17:15:31:540;38.17;1.44
703;100;100;17:15:31:590;42.92;1.45
704;100;100;17:15:31:640;38.19;1.44
705;100;100;17:15:31:690;42.44;1.45
706;100;100;17:15:31:740;39.79;1.44
707;100;100;17:15:31:840;42.51;1.45
708;100;100;17:15:31:890;38.22;1.45
709;100;100;17:15:31:940;42.84;1.45
710;100;100;17:15:31:990;38.31;1.44
711;100;100;17:15:32:040;42.93;1.45
712;100;100;17:15:32:090;39.32;1.45
713;100;100;17:15:32:140;41.52;1.45
714;100;100;17:15:32:240;38.98;1.45
715;100;100;17:15:32:290;42.91;1.45
716;100;100;17:15:32:340;38.02;1.45
717;100;100;17:15:32:390;43.35;1.45
718;100;100;17:15:32:440;39.22;1.45
719;100;100;17:15:32:490;42.28;1.45
720;100;100;17:15:32:540;40.67;1.45
721;100;100;17:15:32:590;39.53;1.45
722;100;100;17:15:32:640;42.96;1.45
723;100;100;17:15:32:690;38.35;1.45
724;100;100;17:15:32:740;43.38;1.45
725;100;100;17:15:32:790;38.64;1.45
726;100;100;17:15:32:840;42.13;1.45
727;100;100;17:15:32:890;40.73;1.45
728;100;100;17:15:32:990;42.75;1.46
729;100;100;17:15:33:040;38.42;1.45
730;100;100;17:15:33:090;43.60;1.46
731;100;100;17:15:33:140;38.74;1.45
732;100;100;17:15:33:190;42.47;1.46
733;100;100;17:15:33:240;39.85;1.46
734;100;100;17:15:33:340;41.97;1.46
735;100;100;17:15:33:390;38.76;1.46
736;100;100;17:15:33:440;43.53;1.46
737;100;100;17:15:33:490;38.62;1.46
738;100;100;17:15:33:540;43.04;1.46
739;100;100;17:15:33:590;39.47;1.46
740;100;100;17:15:33:640;41.25;1.46
741;100;100;17:15:33:740;39.46;1.46
742;100;100;17:15:33:790;43.82;1.47
743;100;100;17:15:33:840;38.42;1.46
744;100;100;17:15:33:890;43.28;1.47
745;100;100;17:15:33:940;39.36;1.46
746;100;100;17:15:33:990;41.25;1.47
747;100;100;17:15:34:090;39.35;1.46
748;100;100;17:15:34:140;44.03;1.47
749;100;100;17:15:34:190;38.60;1.47
750;100;100;17:15:34:240;43.19;1.47
751;100;100;17:15:34:290;38.73;1.46
752;100;100;17:15:34:340;41.77;1.47
753;100;100;17:15:34:540;38.76;1.46
754;100;100;17:15:34:590;43.63;1.47
755;100;100;17:15:34:640;38.15;1.47
756;100;100;17:15:34:690;42.52;1.47
757;100;100;17:15:34:740;40.03;1.47
758;100;100;17:15:34:840;42.07;1.47
759;100;100;17:15:34:890;39.25;1.47
760;100;100;17:15:34:940;43.34;1.47
761;100;100;17:15:34:990;38.23;1.47
762;100;100;17:15:35:040;42.94;1.47
763;100;100;17:15:35:090;39.49;1.47
764;100;100;17:15:35:140;41.80;1.47
765;100;100;17:15:35:240;39.74;1.47
766;100;100;17:15:35:290;43.11;1.47
767;100;100;17:15:35:340;38.01;1.47
768;100;100;17:15:35:390;43.51;1.48
769;100;100;17:15:35:440;39.38;1.47
770;100;100;17:15:35:490;42.74;1.47
771;100;100;17:15:35:540;40.93;1.47
772;100;100;17:15:35:640;42.93;1.48
773;100;100;17:15:35:690;38.86;1.47
774;100;100;17:15:35:740;43.39;1.48
775;100;100;17:15:35:790;38.53;1.47
776;100;100;17:15:35:840;43.88;1.48
777;100;100;17:15:35:890;39.53;1.47
778;100;100;17:15:35:940;42.19;1.48
779;100;100;17:15:35:990;40.72;1.48
780;100;100;17:15:36:090;42.89;1.48
781;100;100;17:15:36:140;39.24;1.48
782;100;100;17:15:36:190;43.85;1.48
783;100;100;17:15:36:240;38.60;1.48
784;100;100;17:15:36:290;43.55;1.48
785;100;100;17:15:36:340;38.74;1.48
786;100;100;17:15:36:390;42.15;1.48
787;100;100;17:15:36:490;40.34;1.48
788;100;100;17:15:36:540;43.60;1.49
789;100;100;17:15:36:590;38.70;1.48
790;100;100;17:15:36:640;43.67;1.49
791;100;100;17:15:36:690;38.38;1.48
792;100;100;17:15:36:740;43.29;1.49
793;100;100;17:15:36:790;39.49;1.48
794;100;100;17:15:36:840;42.23;1.49
795;100;100;17:15:36:940;39.83;1.49
796;100;100;17:15:36:990;43.27;1.49
797;100;100;17:15:37:040;38.49;1.48
798;100;100;17:15:37:090;43.95;1.49
799;100;100;17:15:37:140;38.81;1.49
800;100;100;17:15:37:190;43.83;1.49
801;100;100;17:15:37:240;38.99;1.49
802;100;100;17:15:37:290;42.63;1.49
803;100;100;17:15:37:340;40.08;1.49
804;100;100;17:15:37:390;41.51;1.50
805;100;100;17:15:37:540;43.69;1.50
806;100;100;17:15:37:590;38.91;1.49
807;100;100;17:15:37:640;43.82;1.50
808;100;100;17:15:37:690;38.34;1.49
809;100;100;17:15:37:740;43.62;1.50
810;100;100;17:15:37:790;39.70;1.50
811;100;100;17:15:37:840;42.74;1.50
812;100;100;17:15:37:940;41.19;1.49
813;100;100;17:15:37:990;42.84;1.50
814;100;100;17:15:38:040;39.22;1.50
815;100;100;17:15:38:090;43.73;1.50
816;100;100;17:15:38:140;39.00;1.49
817;100;100;17:15:38:190;44.35;1.50
818;100;100;17:15:38:240;38.85;1.50
819;100;100;17:15:38:290;42.74;1.50
820;100;100;17:15:38:340;41.03;1.50
821;100;100;17:15:38:440;43.21;1.50
822;100;100;17:15:38:490;39.32;1.50
823;100;100;17:15:38:540;44.15;1.50
824;100;100;17:15:38:590;38.69;1.50
825;100;100;17:15:38:640;43.85;1.51
826;100;100;17:15:38:690;38.57;1.50
827;100;100;17:15:38:740;42.90;1.51
828;100;100;17:15:38:790;40.92;1.50
829;100;100;17:15:38:890;42.84;1.51
830;100;100;17:15:38:940;39.62;1.51
831;100;100;17:15:38:990;43.70;1.51
832;100;100;17:15:39:040;38.63;1.51
833;100;100;17:15:39:090;44.16;1.51
834;100;100;17:15:39:140;38.57;1.51
835;100;100;17:15:39:190;43.91;1.51
836;100;100;17:15:39:240;39.70;1.51
837;100;100;17:15:39:290;42.76;1.51
838;100;100;17:15:39:340;40.54;1.51
839;100;100;17:15:39:440;42.54;1.51
840;100;100;17:15:39:490;40.61;1.51
841;100;100;17:15:39:540;43.94;1.52
842;100;100;17:15:39:590;38.64;1.51
843;100;100;17:15:39:640;43.90;1.52
844;100;100;17:15:39:690;38.76;1.51
845;100;100;17:15:39:740;43.53;1.52
846;100;100;17:15:39:790;39.64;1.51
847;100;100;17:15:39:840;42.79;1.52
848;100;100;17:15:39:940;40.76;1.52
849;100;100;17:15:39:990;43.04;1.52
850;100;100;17:15:40:040;39.41;1.52
851;100;100;17:15:40:090;44.33;1.52
852;100;100;17:15:40:140;39.06;1.52
853;100;100;17:15:40:190;44.45;1.53
854;100;100;17:15:40:240;39.18;1.52
855;100;100;17:15:40:290;42.65;1.53
856;100;100;17:15:40:390;40.79;1.52
857;100;100;17:15:40:440;43.40;1.53
858;100;100;17:15:40:490;39.50;1.53
859;100;100;17:15:40:540;44.72;1.54
860;100;100;17:15:40:590;38.78;1.53
861;100;100;17:15:40:640;44.23;1.54
862;100;100;17:15:40:690;38.71;1.53
863;100;100;17:15:40:740;43.74;1.54
864;100;100;17:15:40:790;40.56;1.53
865;100;100;17:15:40:840;42.27;1.54
866;100;100;17:15:40:940;40.11;1.54
867;100;100;17:15:40:990;43.99;1.54
868;100;100;17:15:41:040;38.78;1.53
869;100;100;17:15:41:090;44.33;1.54
870;100;100;17:15:41:140;39.04;1.54
871;100;100;17:15:41:190;44.57;1.55
872;100;100;17:15:41:240;39.18;1.54
873;100;100;17:15:41:290;43.14;1.55
874;100;100;17:15:41:340;40.06;1.54
875;100;100;17:15:41:390;42.50;1.55
876;100;100;17:15:41:590;40.25;1.55
877;100;100;17:15:41:640;43.76;1.55
878;100;100;17:15:41:690;39.06;1.54
879;100;100;17:15:41:740;44.20;1.55
880;100;100;17:15:41:790;39.27;1.55
881;100;100;17:15:41:840;44.90;1.55
882;100;100;17:15:41:890;38.94;1.55
883;100;100;17:15:41:940;43.77;1.55
884;100;100;17:15:41:990;39.94;1.55
885;100;100;17:15:42:040;42.38;1.55
886;100;100;17:15:42:190;43.80;1.55
887;100;100;17:15:42:240;39.94;1.55
888;100;100;17:15:42:290;44.11;1.55
889;100;100;17:15:42:340;38.81;1.55
890;100;100;17:15:42:390;44.43;1.55
891;100;100;17:15:42:440;39.13;1.55
892;100;100;17:15:42:490;44.66;1.55
893;100;100;17:15:42:540;39.41;1.55
894;100;100;17:15:42:590;43.36;1.55
895;100;100;17:15:42:640;40.46;1.55
896;100;100;17:15:42:690;42.17;1.56
897;100;100;17:15:42:840;44.52;1.56
898;100;100;17:15:42:890;39.31;1.55
899;100;100;17:15:42:940;44.60;1.56
900;100;100;17:15:42:990;38.64;1.55
901;100;100;17:15:43:040;44.09;1.56
902;100;100;17:15:43:090;40.04;1.56
903;100;100;17:15:43:140;43.27;1.56
904;100;100;17:15:43:240;41.65;1.56
905;100;100;17:15:43:290;43.62;1.56
906;100;100;17:15:43:340;39.82;1.56
907;100;100;17:15:43:390;44.09;1.56
908;100;100;17:15:43:440;39.38;1.56
909;100;100;17:15:43:490;45.11;1.56
910;100;100;17:15:43:540;39.34;1.56
911;100;100;17:15:43:590;44.54;1.56
912;100;100;17:15:43:640;39.20;1.56
913;100;100;17:15:43:690;43.08;1.56
914;100;100;17:15:43:790;41.42;1.56
915;100;100;17:15:43:840;43.78;1.56
916;100;100;17:15:43:890;40.20;1.56
917;100;100;17:15:43:940;44.74;1.57
918;100;100;17:15:43:990;38.80;1.56
919;100;100;17:15:44:040;44.60;1.57
920;100;100;17:15:44:090;39.02;1.56
921;100;100;17:15:44:140;44.93;1.57
922;100;100;17:15:44:190;39.60;1.56
923;100;100;17:15:44:240;43.90;1.57
924;100;100;17:15:44:290;40.22;1.56
925;100;100;17:15:44:340;42.92;1.57
926;100;100;17:15:44:390;41.42;1.57
927;100;100;17:15:44:490;43.10;1.57
928;100;100;17:15:44:540;41.36;1.56
929;100;100;17:15:44:590;43.85;1.57
930;100;100;17:15:44:640;39.89;1.57
931;100;100;17:15:44:690;44.20;1.57
932;100;100;17:15:44:740;39.44;1.57
933;100;100;17:15:44:790;45.28;1.57
934;100;100;17:15:44:840;39.27;1.57
935;100;100;17:15:44:890;45.06;1.57
936;100;100;17:15:44:940;39.33;1.57
937;100;100;17:15:44:990;43.90;1.57
938;100;100;17:15:45:040;40.99;1.57
939;100;100;17:15:45:140;43.52;1.57
940;100;100;17:15:45:190;40.95;1.57
941;100;100;17:15:45:240;44.53;1.58
942;100;100;17:15:45:290;39.14;1.58
943;100;100;17:15:45:340;44.56;1.58
944;100;100;17:15:45:390;39.02;1.57
945;100;100;17:15:45:440;45.01;1.58
946;100;100;17:15:45:490;39.33;1.58
947;100;100;17:15:45:540;44.09;1.58
948;100;100;17:15:45:590;40.53;1.58
949;100;100;17:15:45:640;43.04;1.58
950;100;100;17:15:45:690;41.51;1.58
951;100;100;17:15:45:790;43.66;1.58
952;100;100;17:15:45:840;40.83;1.58
953;100;100;17:15:45:890;44.73;1.59
954;100;100;17:15:45:940;38.98;1.58
955;100;100;17:15:45:990;44.69;1.59
956;100;100;17:15:46:040;39.34;1.58
957;100;100;17:15:46:090;44.61;1.59
958;100;100;17:15:46:140;40.22;1.59
959;100;100;17:15:46:190;43.42;1.59
960;100;100;17:15:46:290;41.77;1.59
961;100;100;17:15:46:340;43.31;1.59
962;100;100;17:15:46:390;40.33;1.59
963;100;100;17:15:46:440;44.95;1.59
964;100;100;17:15:46:490;39.92;1.59
965;100;100;17:15:46:540;45.36;1.59
966;100;100;17:15:46:590;39.05;1.59
967;100;100;17:15:46:640;44.85;1.60
968;100;100;17:15:46:690;39.32;1.59
969;100;100;17:15:46:740;44.59;1.60
970;100;100;17:15:46:790;39.68;1.59
971;100;100;17:15:46:840;44.25;1.60
972;100;100;17:15:46:890;40.94;1.59
973;100;100;17:15:46:940;43.22;1.60
974;100;100;17:15:46:990;41.57;1.60
975;100;100;17:15:47:090;43.38;1.60
976;100;100;17:15:47:140;41.45;1.60
977;100;100;17:15:47:190;44.03;1.60
978;100;100;17:15:47:240;40.31;1.60
979;100;100;17:15:47:290;44.68;1.60
980;100;100;17:15:47:340;39.29;1.60
981;100;100;17:15:47:390;44.96;1.60
982;100;100;17:15:47:440;39.25;1.60
983;100;100;17:15:47:490;44.88;1.61
984;100;100;17:15:47:540;40.55;1.60
985;100;100;17:15:47:590;43.80;1.60
986;100;100;17:15:47:640;41.21;1.61
987;100;100;17:15:47:690;42.83;1.61
988;100;100;17:15:47:890;41.15;1.61
989;100;100;17:15:47:940;44.71;1.61
990;100;100;17:15:47:990;40.09;1.61
991;100;100;17:15:48:040;44.72;1.61
992;100;100;17:15:48:090;39.65;1.61
993;100;100;17:15:48:140;45.45;1.62
994;100;100;17:15:48:190;39.90;1.61
995;100;100;17:15:48:240;45.49;1.62
996;100;100;17:15:48:290;38.98;1.61
997;100;100;17:15:48:340;44.85;1.62
998;100;100;17:15:48:390;39.72;1.61
999;100;100;17:15:48:440;44.85;1.62
1000;100;100;17:15:48:490;40.09;1.62
1001;100;100;17:15:48:540;44.31;1.62
1002;100;100;17:15:48:590;41.17;1.62
1003;100;100;17:15:48:640;43.25;1.62
1004;100;100;17:15:48:690;41.81;1.62
1005;100;100;17:15:48:790;43.73;1.62
1006;100;100;17:15:48:840;41.72;1.62
1007;100;100;17:15:48:890;44.06;1.63
1008;100;100;17:15:48:940;40.59;1.63
1009;100;100;17:15:48:990;44.83;1.63
1010;100;100;17:15:49:040;39.86;1.63
1011;100;100;17:15:49:090;45.34;1.63
1012;100;100;17:15:49:140;39.64;1.63
1013;100;100;17:15:49:190;45.55;1.63
1014;100;100;17:15:49:240;39.74;1.63
1015;100;100;17:15:49:290;45.17;1.64
1016;100;100;17:15:49:340;38.95;1.63
1017;100;100;17:15:49:390;44.94;1.64
1018;100;100;17:15:49:440;40.22;1.63
1019;100;100;17:15:49:490;44.87;1.64
1020;100;100;17:15:49:540;40.61;1.63
1021;100;100;17:15:49:590;43.91;1.64
1022;100;100;17:15:49:640;41.53;1.63
1023;100;100;17:15:49:690;43.03;1.64
1024;100;100;17:15:49:890;41.45;1.64
1025;100;100;17:15:49:940;44.38;1.65
1026;100;100;17:15:49:990;40.34;1.64
1027;100;100;17:15:50:040;44.97;1.65
1028;100;100;17:15:50:090;40.05;1.64
1029;100;100;17:15:50:140;45.87;1.65
1030;100;100;17:15:50:190;39.65;1.64
1031;100;100;17:15:50:240;45.50;1.65
1032;100;100;17:15:50:290;39.56;1.64
1033;100;100;17:15:50:340;45.06;1.65
1034;100;100;17:15:50:390;39.33;1.65
1035;100;100;17:15:50:440;45.04;1.65
1036;100;100;17:15:50:490;40.51;1.65
1037;100;100;17:15:50:540;44.74;1.65
1038;100;100;17:15:50:590;40.75;1.65
1039;100;100;17:15:50:640;43.75;1.66
1040;100;100;17:15:50:690;42.07;1.65
1041;100;100;17:15:50:890;44.52;1.66
1042;100;510;17:15:50:890;44.52;1.66

b11
B11;50.000;40.000;0.0;0.0
Index;Element;Marker;Time;Kraft Diff.;Weg
;;;;kN;mm
1;100;5000;15:19:11:741;1.27;0.00
2;100;100;15:19:13:941;1.68;0.00
3;100;100;15:19:16:941;1.80;0.00
4;100;100;15:19:19:941;2.16;0.01
5;100;100;15:19:20:841;2.11;0.06
6;100;100;15:19:21:241;2.25;0.11
7;100;100;15:19:21:640;2.17;0.17
8;100;100;15:19:22:040;2.26;0.23
9;100;100;15:19:22:290;2.24;0.28
10;100;100;15:19:22:491;1.98;0.33
11;100;100;15:19:22:691;2.23;0.38
12;100;100;15:19:22:890;2.01;0.44
13;100;100;15:19:23:091;2.20;0.50
14;100;100;15:19:23:290;2.17;0.56
15;100;100;15:19:23:441;2.07;0.60
16;100;100;15:19:23:491;2.03;0.62
17;100;100;15:19:23:691;2.25;0.69
18;100;100;15:19:23:890;1.91;0.75
19;100;100;15:19:24:040;2.10;0.81
20;100;100;15:19:24:191;2.05;0.87
21;100;100;15:19:24:341;2.32;0.93
22;100;100;15:19:24:540;2.26;0.99
23;100;100;15:19:24:790;2.72;1.05
24;100;100;15:19:24:991;2.52;1.11
25;100;100;15:19:25:290;2.58;1.16
26;100;100;15:19:25:441;2.99;1.19
27;100;100;15:19:25:591;2.75;1.21
28;100;100;15:19:26:491;3.21;1.26
29;100;100;15:19:27:091;3.03;1.27
30;100;100;15:19:30:091;3.46;1.29
31;100;100;15:19:33:091;3.42;1.30
32;100;100;15:19:36:091;3.83;1.31
33;100;100;15:19:36:191;3.94;1.31
34;100;100;15:19:39:140;3.91;1.32
35;100;100;15:19:39:991;4.41;1.32
36;100;100;15:19:42:191;4.49;1.33
37;100;100;15:19:45:191;4.69;1.35
38;100;100;15:19:48:191;4.86;1.36
39;100;100;15:19:49:591;4.97;1.36
40;100;100;15:19:51:241;5.36;1.37
41;100;100;15:19:54:241;5.49;1.38
42;100;100;15:19:54:341;5.89;1.38
43;100;100;15:19:57:140;1.53;1.39
44;100;100;15:19:57:191;3.09;1.43
45;100;100;15:19:57:290;3.76;1.51
46;100;100;15:19:57:390;4.27;1.60
47;100;100;15:19:57:441;4.78;1.63
48;100;100;15:19:57:491;5.19;1.68
49;100;100;15:19:57:591;5.55;1.72
50;100;100;15:19:57:640;5.45;1.74

x
x;50.000;40.000;0.0;0.0
Index;Element;Marker;Time;Kraft Diff.;Weg
;;;;kN;mm

