FineGrainedBlock
1;2015-10-05;13:41:35;;;0;01:33:00;
30;1;20
0.0;0.0

a1
A1_0p25kNs;sa1;50.000;40.000;0.0;0.0
Index;Element;Marker;Time;Kraft Diff.;Weg
;;;;kN;mm
1;100;5000;13:59:29:208;2.18;0.00
2;100;100;13:59:29:493;2.09;0.00
3;100;100;13:59:30:093;2.23;0.01
4;100;100;13:59:30:693;2.32;0.02
5;100;100;13:59:31:203;2.44;0.04
6;100;100;13:59:31:303;2.41;0.05
7;100;100;13:59:31:903;2.69;0.08
8;100;100;13:59:32:013;2.57;0.09
9;100;100;13:59:32:513;2.57;0.14
10;100;100;13:59:32:613;2.69;0.14
11;100;100;13:59:32:663;2.86;0.15
12;100;100;13:59:33:133;2.76;0.17
13;100;100;13:59:33:443;2.86;0.19
14;100;100;13:59:33:743;3.16;0.22
15;100;100;13:59:34:133;3.00;0.25
16;100;100;13:59:34:353;3.10;0.26
17;100;100;13:59:34:623;2.44;0.30
18;100;100;13:59:34:733;2.53;0.35
19;100;100;13:59:34:833;2.39;0.40
20;100;100;13:59:34:933;2.50;0.46
21;100;100;13:59:34:993;2.47;0.48
22;100;100;13:59:35:053;2.40;0.51
23;100;100;13:59:35:133;2.46;0.57
24;100;100;13:59:35:273;2.81;0.62
25;100;100;13:59:35:343;2.73;0.67

a3
A3_0p1kNs;50.000;40.000;0.0;0.0
Index;Element;Marker;Time;Kraft Diff.;Weg
;;;;kN;mm
1;100;5000;14:18:47:349;1.81;0.00
2;100;100;14:18:47:640;1.67;0.00
3;100;100;14:18:47:941;1.77;0.00
4;100;100;14:18:48:240;1.76;0.00
5;100;100;14:18:48:541;1.82;0.00
6;100;100;14:18:48:841;1.75;0.00
7;100;100;14:18:49:140;1.91;0.00
8;100;100;14:18:49:441;1.90;0.01
9;100;100;14:18:49:740;1.97;0.01
10;100;100;14:18:50:041;1.89;0.02
11;100;100;14:18:50:341;1.97;0.03
12;100;100;14:18:50:640;1.91;0.04
13;100;100;14:18:50:731;1.80;0.05
14;100;100;14:18:50:946;1.78;0.07
15;100;100;14:18:51:245;1.75;0.10
16;100;100;14:18:51:265;1.81;0.10
17;100;100;14:18:51:551;1.91;0.14
18;100;100;14:18:51:631;1.78;0.15
19;100;100;14:18:51:856;1.73;0.17
20;100;100;14:18:52:015;1.94;0.20
21;100;100;14:18:52:160;1.84;0.24
22;100;100;14:18:52:196;1.77;0.25
23;100;100;14:18:52:455;1.69;0.30
24;100;100;14:18:52:470;1.80;0.30
25;100;100;14:18:52:646;1.77;0.35
26;100;100;14:18:52:776;1.69;0.39
27;100;100;14:18:52:836;1.76;0.40
28;100;100;14:18:53:055;1.77;0.45
29;100;100;14:18:53:086;1.72;0.46
30;100;100;14:18:53:211;1.61;0.50
31;100;100;14:18:53:365;1.68;0.55
32;100;100;14:18:53:396;1.74;0.56
33;100;100;14:18:53:560;1.73;0.60
34;100;100;14:18:53:676;1.78;0.65
35;100;100;14:18:53:705;1.80;0.66
36;100;100;14:18:53:810;1.66;0.71
37;100;100;14:18:53:966;1.73;0.76
38;100;100;14:18:54:015;1.76;0.77
39;100;100;14:18:54:111;1.70;0.81
40;100;100;14:18:54:196;1.81;0.86
41;100;100;14:18:54:325;1.89;0.91
42;100;100;14:18:54:341;1.84;0.91
43;100;100;14:18:54:481;1.98;0.96
44;100;100;14:18:54:635;2.15;1.01
45;100;100;14:18:54:666;2.36;1.01
46;100;100;14:18:54:910;2.41;1.06
47;100;100;14:18:54:946;2.43;1.07
48;100;100;14:18:55:245;2.63;1.11
49;100;100;14:18:55:336;2.68;1.11
50;100;100;14:18:55:551;2.73;1.12
51;100;100;14:18:55:850;2.71;1.13
52;100;100;14:18:56:151;2.74;1.14
53;100;100;14:18:56:450;2.76;1.14
54;100;100;14:18:56:751;2.86;1.15
55;100;100;14:18:57:051;2.81;1.15
56;100;100;14:18:57:351;2.87;1.15
57;100;100;14:18:57:571;2.99;1.15
58;100;100;14:18:57:655;2.80;1.15
59;100;100;14:18:57:956;2.87;1.16
60;100;100;14:18:58:256;2.69;1.16
61;100;100;14:18:58:461;2.97;1.16
62;100;100;14:18:58:561;2.99;1.16
63;100;100;14:18:58:861;2.92;1.17
64;100;100;14:18:59:160;3.02;1.17
65;100;100;14:18:59:461;3.02;1.18
66;100;100;14:18:59:760;3.01;1.18
67;100;100;14:19:00:061;3.07;1.19
68;100;100;14:19:00:361;3.17;1.19
69;100;100;14:19:00:660;3.08;1.19
70;100;100;14:19:00:961;3.10;1.20
71;100;100;14:19:01:260;3.17;1.21
72;100;100;14:19:01:561;3.28;1.21
73;100;100;14:19:01:666;3.08;1.21
74;100;100;14:19:01:865;3.14;1.22
75;100;100;14:19:02:166;3.08;1.22
76;100;100;14:19:02:466;3.20;1.22
77;100;100;14:19:02:765;3.06;1.23
78;100;100;14:19:03:066;3.28;1.23
79;100;100;14:19:03:365;3.21;1.23
80;100;100;14:19:03:666;3.25;1.24
81;100;100;14:19:03:966;3.30;1.25
82;100;100;14:19:04:265;3.33;1.26
83;100;100;14:19:04:510;3.33;1.26
84;100;100;14:19:04:571;3.34;1.26
85;100;100;14:19:04:870;3.48;1.27
86;100;100;14:19:05:171;3.44;1.28
87;100;100;14:19:05:470;3.59;1.29
88;100;100;14:19:05:771;3.48;1.29
89;100;100;14:19:06:071;3.61;1.30
90;100;100;14:19:06:370;3.58;1.30
91;100;100;14:19:06:671;3.64;1.31
92;100;100;14:19:06:736;3.48;1.31
93;100;100;14:19:06:976;3.53;1.32
94;100;100;14:19:07:276;3.61;1.32
95;100;100;14:19:07:575;3.65;1.33
96;100;100;14:19:07:876;3.70;1.33
97;100;100;14:19:08:176;3.64;1.35
98;100;100;14:19:08:476;3.82;1.35
99;100;100;14:19:08:776;3.84;1.36
100;100;100;14:19:08:780;3.80;1.36
101;100;100;14:19:09:081;3.69;1.37
102;100;100;14:19:09:381;3.84;1.38
103;100;100;14:19:09:680;3.82;1.39
104;100;100;14:19:09:981;3.92;1.40
105;100;100;14:19:10:280;3.86;1.40
106;100;100;14:19:10:581;3.91;1.41
107;100;100;14:19:10:640;4.07;1.41
108;100;100;14:19:10:831;2.53;1.47
109;100;100;14:19:10:890;2.53;1.50
110;100;100;14:19:10:926;2.73;1.52
111;100;100;14:19:10:981;2.92;1.57
112;100;100;14:19:11:055;2.95;1.62
113;100;100;14:19:11:171;2.74;1.67

a4
A4_0p1kNs;50.000;40.000;0.0;0.0
Index;Element;Marker;Time;Kraft Diff.;Weg
;;;;kN;mm
1;100;5000;14:28:50:496;1.62;0.00
2;100;100;14:28:50:660;1.53;0.00
3;100;100;14:28:50:960;1.68;0.00
4;100;100;14:28:51:260;1.69;0.00
5;100;100;14:28:51:560;1.77;0.00
6;100;100;14:28:51:860;1.72;0.00
7;100;100;14:28:52:160;1.75;0.00
8;100;100;14:28:52:460;1.76;0.00
9;100;100;14:28:52:760;1.74;0.00
10;100;100;14:28:53:060;1.94;0.00
11;100;100;14:28:53:360;1.96;0.00
12;100;100;14:28:53:660;1.91;0.00
13;100;100;14:28:53:960;1.84;0.00
14;100;100;14:28:54:260;1.84;0.00
15;100;100;14:28:54:560;1.92;0.01
16;100;100;14:28:54:860;1.96;0.02
17;100;100;14:28:55:160;1.95;0.03
18;100;100;14:28:55:435;1.89;0.05
19;100;100;14:28:55:465;1.87;0.05
20;100;100;14:28:55:765;1.82;0.08
21;100;100;14:28:55:945;1.78;0.10
22;100;100;14:28:56:070;1.77;0.12
23;100;100;14:28:56:235;1.76;0.15
24;100;100;14:28:56:375;1.94;0.18
25;100;100;14:28:56:505;1.75;0.20
26;100;100;14:28:56:680;1.82;0.24
27;100;100;14:28:56:805;1.92;0.25
28;100;100;14:28:56:960;1.96;0.30
29;100;100;14:28:56:990;1.78;0.31
30;100;100;14:28:57:160;1.77;0.36
31;100;100;14:28:57:295;1.70;0.40
32;100;100;14:28:57:360;1.83;0.41
33;100;100;14:28:57:555;1.77;0.46
34;100;100;14:28:57:605;1.74;0.49
35;100;100;14:28:57:655;1.76;0.51
36;100;100;14:28:57:850;1.84;0.56
37;100;100;14:28:57:915;1.97;0.58
38;100;100;14:28:58:025;1.90;0.61
39;100;100;14:28:58:220;2.10;0.65
40;100;100;14:28:58:255;2.09;0.66
41;100;100;14:28:58:520;2.17;0.71
42;100;100;14:28:58:530;2.27;0.71
43;100;100;14:28:58:830;2.38;0.76
44;100;100;14:28:58:835;2.40;0.76
45;100;100;14:28:59:135;2.41;0.79
46;100;100;14:28:59:435;2.44;0.80
47;100;100;14:28:59:735;2.56;0.81
48;100;100;14:28:59:785;2.46;0.81
49;100;100;14:29:00:040;2.57;0.82
50;100;100;14:29:00:150;2.85;0.83
51;100;100;14:29:00:345;2.79;0.84
52;100;100;14:29:00:645;2.72;0.84
53;100;100;14:29:00:945;2.78;0.86
54;100;100;14:29:01:105;2.68;0.86
55;100;100;14:29:01:250;2.81;0.87
56;100;100;14:29:01:550;2.86;0.87
57;100;100;14:29:01:850;2.82;0.88
58;100;100;14:29:02:150;2.82;0.89
59;100;100;14:29:02:450;2.73;0.90
60;100;100;14:29:02:750;2.82;0.91
61;100;100;14:29:02:845;2.92;0.91
62;100;100;14:29:03:055;2.80;0.92
63;100;100;14:29:03:355;2.90;0.93
64;100;100;14:29:03:655;2.93;0.93
65;100;100;14:29:03:955;3.01;0.94
66;100;100;14:29:04:255;3.05;0.95
67;100;100;14:29:04:555;3.02;0.95
68;100;100;14:29:04:855;3.10;0.96
69;100;100;14:29:04:940;2.97;0.96
70;100;100;14:29:05:160;3.25;0.97
71;100;100;14:29:05:460;3.16;0.97
72;100;100;14:29:05:760;3.13;0.98
73;100;100;14:29:06:060;3.12;0.98
74;100;100;14:29:06:360;3.01;1.00
75;100;100;14:29:06:660;3.27;1.01
76;100;100;14:29:06:875;3.20;1.01
77;100;100;14:29:06:965;3.16;1.02
78;100;100;14:29:07:265;3.20;1.03
79;100;100;14:29:07:565;3.20;1.04
80;100;100;14:29:07:865;3.36;1.05
81;100;100;14:29:08:165;3.48;1.06
82;100;100;14:29:08:355;3.31;1.06
83;100;100;14:29:08:470;3.37;1.07
84;100;100;14:29:08:770;3.37;1.09
85;100;100;14:29:09:045;2.68;1.12
86;100;100;14:29:09:075;2.59;1.13
87;100;100;14:29:09:170;2.29;1.17
88;100;100;14:29:09:240;2.46;1.22
89;100;100;14:29:09:325;2.60;1.27
90;100;100;14:29:09:390;2.74;1.29
91;100;100;14:29:09:455;2.79;1.32
92;100;100;14:29:09:545;2.72;1.37
93;100;100;14:29:09:685;2.82;1.42
94;100;100;14:29:09:705;2.78;1.43
95;100;100;14:29:09:765;2.80;1.47

a5
A5_0p1kNs;50.000;40.000;0.0;0.0
Index;Element;Marker;Time;Kraft Diff.;Weg
;;;;kN;mm
1;100;5000;14:33:56:550;1.67;0.00
2;100;100;14:33:56:915;1.39;0.00
3;100;100;14:33:57:215;1.62;0.00
4;100;100;14:33:57:515;1.63;0.00
5;100;100;14:33:57:815;1.75;0.00
6;100;100;14:33:58:115;1.62;0.00
7;100;100;14:33:58:415;1.59;0.00
8;100;100;14:33:58:715;1.66;0.00
9;100;100;14:33:59:015;1.61;0.00
10;100;100;14:33:59:315;1.69;0.00
11;100;100;14:33:59:615;1.72;0.00
12;100;100;14:33:59:915;1.87;0.00
13;100;100;14:34:00:215;1.77;0.00
14;100;100;14:34:00:515;1.89;0.00
15;100;100;14:34:00:815;1.88;0.00
16;100;100;14:34:01:115;1.81;0.01
17;100;100;14:34:01:415;1.90;0.01
18;100;100;14:34:01:715;1.76;0.02
19;100;100;14:34:02:015;1.84;0.04
20;100;100;14:34:02:280;1.81;0.05
21;100;100;14:34:02:320;1.84;0.05
22;100;100;14:34:02:620;1.84;0.08
23;100;100;14:34:02:800;1.98;0.10
24;100;100;14:34:02:925;1.96;0.11
25;100;100;14:34:03:225;2.00;0.14
26;100;100;14:34:03:250;1.82;0.15
27;100;100;14:34:03:475;1.84;0.20
28;100;100;14:34:03:535;1.94;0.21
29;100;100;14:34:03:775;1.82;0.25
30;100;100;14:34:03:840;1.80;0.26
31;100;100;14:34:03:985;1.95;0.30
32;100;100;14:34:04:145;1.83;0.34
33;100;100;14:34:04:190;1.83;0.35
34;100;100;14:34:04:445;1.81;0.40
35;100;100;14:34:04:455;1.74;0.41
36;100;100;14:34:04:610;1.75;0.45
37;100;100;14:34:04:760;1.98;0.50
38;100;100;14:34:04:775;1.72;0.51
39;100;100;14:34:04:990;1.86;0.56
40;100;100;14:34:05:070;2.04;0.59
41;100;100;14:34:05:120;1.92;0.61
42;100;100;14:34:05:265;2.08;0.66
43;100;100;14:34:05:380;2.01;0.69
44;100;100;14:34:05:435;1.86;0.71
45;100;100;14:34:05:610;1.87;0.76
46;100;100;14:34:05:690;1.90;0.80
47;100;100;14:34:05:715;1.86;0.81
48;100;100;14:34:05:875;2.04;0.86
49;100;100;14:34:06:000;2.15;0.91
50;100;100;14:34:06:020;2.18;0.91
51;100;100;14:34:06:270;2.29;0.96
52;100;100;14:34:06:310;2.31;0.97
53;100;100;14:34:06:610;2.56;1.01
54;100;100;14:34:06:615;2.53;1.01
55;100;100;14:34:06:915;2.73;1.05
56;100;100;14:34:07:105;2.59;1.06
57;100;100;14:34:07:220;2.65;1.07
58;100;100;14:34:07:440;2.90;1.08
59;100;100;14:34:07:525;2.64;1.08
60;100;100;14:34:07:825;2.71;1.09
61;100;100;14:34:08:125;2.65;1.10
62;100;100;14:34:08:425;2.87;1.10
63;100;100;14:34:08:725;2.80;1.11
64;100;100;14:34:09:025;2.96;1.11
65;100;100;14:34:09:295;2.92;1.11
66;100;100;14:34:09:330;2.79;1.11
67;100;100;14:34:09:630;2.87;1.12
68;100;100;14:34:09:930;2.96;1.13
69;100;100;14:34:10:230;2.99;1.13
70;100;100;14:34:10:530;2.95;1.14
71;100;100;14:34:10:830;3.10;1.14
72;100;100;14:34:11:130;3.10;1.15
73;100;100;14:34:11:430;2.96;1.16
74;100;100;14:34:11:540;3.07;1.16
75;100;100;14:34:11:735;3.15;1.17
76;100;100;14:34:12:035;3.12;1.17
77;100;100;14:34:12:335;3.23;1.18
78;100;100;14:34:12:635;3.16;1.18
79;100;100;14:34:12:935;3.10;1.19
80;100;100;14:34:13:235;3.06;1.20
81;100;100;14:34:13:535;3.18;1.21
82;100;100;14:34:13:575;3.17;1.21
83;100;100;14:34:13:840;3.21;1.22
84;100;100;14:34:14:140;3.27;1.23
85;100;100;14:34:14:440;3.20;1.24
86;100;100;14:34:14:740;3.27;1.24
87;100;100;14:34:15:040;3.24;1.25
88;100;100;14:34:15:340;3.33;1.26
89;100;100;14:34:15:505;3.45;1.26
90;100;100;14:34:15:645;3.29;1.27
91;100;100;14:34:15:945;3.35;1.27
92;100;100;14:34:16:130;1.46;1.28
93;100;100;14:34:16:185;2.05;1.31
94;100;100;14:34:16:255;1.86;1.36
95;100;100;14:34:16:265;1.90;1.37
96;100;100;14:34:16:320;2.07;1.42
97;100;100;14:34:16:405;2.00;1.47
98;100;100;14:34:16:460;2.05;1.52
99;100;100;14:34:16:515;2.24;1.57

a6
A6_0p1kNs;50.000;40.000;0.0;0.0
Index;Element;Marker;Time;Kraft Diff.;Weg
;;;;kN;mm
1;100;5000;14:39:29:022;1.41;0.00
2;100;100;14:39:29:336;1.38;0.00
3;100;100;14:39:29:636;1.41;0.00
4;100;100;14:39:29:936;1.54;0.00
5;100;100;14:39:30:236;1.54;0.00
6;100;100;14:39:30:536;1.72;0.00
7;100;100;14:39:30:836;1.62;0.00
8;100;100;14:39:31:136;1.60;0.00
9;100;100;14:39:31:436;1.63;0.00
10;100;100;14:39:31:736;1.50;0.00
11;100;100;14:39:32:036;1.61;0.00
12;100;100;14:39:32:336;1.56;0.00
13;100;100;14:39:32:636;1.77;0.00
14;100;100;14:39:32:936;1.78;0.00
15;100;100;14:39:33:236;1.92;0.00
16;100;100;14:39:33:536;1.87;0.00
17;100;100;14:39:33:836;1.92;0.00
18;100;100;14:39:34:136;1.82;0.01
19;100;100;14:39:34:436;1.83;0.01
20;100;100;14:39:34:736;1.76;0.02
21;100;100;14:39:35:036;1.73;0.03
22;100;100;14:39:35:286;1.89;0.05
23;100;100;14:39:35:341;1.97;0.05
24;100;100;14:39:35:641;1.88;0.07
25;100;100;14:39:35:941;1.94;0.10
26;100;100;14:39:35:961;1.92;0.10
27;100;100;14:39:36:246;1.92;0.13
28;100;100;14:39:36:391;1.90;0.15
29;100;100;14:39:36:551;1.75;0.18
30;100;100;14:39:36:706;1.74;0.20
31;100;100;14:39:36:856;1.96;0.21
32;100;100;14:39:37:036;1.84;0.25
33;100;100;14:39:37:161;1.73;0.29
34;100;100;14:39:37:216;1.76;0.30
35;100;100;14:39:37:466;1.82;0.35
36;100;100;14:39:37:471;1.70;0.35
37;100;100;14:39:37:631;1.94;0.40
38;100;100;14:39:37:776;1.89;0.44
39;100;100;14:39:37:831;1.73;0.45
40;100;100;14:39:38:036;1.80;0.50
41;100;100;14:39:38:086;1.82;0.52
42;100;100;14:39:38:186;1.73;0.56
43;100;100;14:39:38:336;1.73;0.61
44;100;100;14:39:38:396;1.82;0.63
45;100;100;14:39:38:531;1.82;0.66
46;100;100;14:39:38:661;1.89;0.72
47;100;100;14:39:38:706;1.81;0.73
48;100;100;14:39:38:761;1.76;0.77
49;100;100;14:39:38:956;1.84;0.82
50;100;100;14:39:39:016;1.82;0.84
51;100;100;14:39:39:056;1.82;0.87
52;100;100;14:39:39:141;1.83;0.92
53;100;100;14:39:39:316;2.01;0.97
54;100;100;14:39:39:331;2.01;0.97
55;100;100;14:39:39:506;2.19;1.02
56;100;100;14:39:39:636;2.30;1.05
57;100;100;14:39:39:791;2.38;1.07
58;100;100;14:39:39:941;2.54;1.10
59;100;100;14:39:40:236;2.60;1.12
60;100;100;14:39:40:246;2.53;1.12
61;100;100;14:39:40:546;2.61;1.15
62;100;100;14:39:40:846;2.74;1.16
63;100;100;14:39:40:891;2.88;1.16
64;100;100;14:39:41:151;2.73;1.17
65;100;100;14:39:41:256;2.79;1.17
66;100;100;14:39:41:456;2.72;1.18
67;100;100;14:39:41:756;2.84;1.18
68;100;100;14:39:42:056;2.90;1.19
69;100;100;14:39:42:356;2.93;1.19
70;100;100;14:39:42:656;3.02;1.19
71;100;100;14:39:42:956;2.89;1.20
72;100;100;14:39:43:256;2.92;1.20
73;100;100;14:39:43:556;2.81;1.20
74;100;100;14:39:43:856;2.95;1.20
75;100;100;14:39:44:156;2.85;1.21
76;100;100;14:39:44:456;2.99;1.21
77;100;100;14:39:44:756;3.00;1.22
78;100;100;14:39:45:051;2.93;1.22
79;100;100;14:39:45:061;3.08;1.22
80;100;100;14:39:45:361;3.06;1.23
81;100;100;14:39:45:661;3.08;1.23
82;100;100;14:39:45:961;3.02;1.24
83;100;100;14:39:46:261;3.13;1.24
84;100;100;14:39:46:561;3.17;1.24
85;100;100;14:39:46:861;3.24;1.25
86;100;100;14:39:47:161;3.35;1.26
87;100;100;14:39:47:461;3.31;1.26
88;100;100;14:39:47:761;3.42;1.27
89;100;100;14:39:48:061;3.25;1.27
90;100;100;14:39:48:251;3.18;1.27
91;100;100;14:39:48:366;3.31;1.28
92;100;100;14:39:48:666;3.41;1.28
93;100;100;14:39:48:966;3.46;1.29
94;100;100;14:39:49:266;3.39;1.30
95;100;100;14:39:49:506;2.64;1.32
96;100;100;14:39:49:571;2.43;1.36
97;100;100;14:39:49:631;2.39;1.38
98;100;100;14:39:49:736;2.57;1.43
99;100;100;14:39:49:861;2.96;1.48
100;100;100;14:39:49:886;2.85;1.49
101;100;100;14:39:49:981;2.87;1.53
102;100;100;14:39:50:146;2.93;1.58
103;100;100;14:39:50:196;2.79;1.61
104;100;100;14:39:50:271;2.93;1.63
105;100;100;14:39:50:406;2.85;1.69
106;100;100;14:39:50:506;2.78;1.73
107;100;100;14:39:50:511;2.78;1.74
108;100;100;14:39:50:641;2.97;1.79
109;100;100;14:39:50:776;3.02;1.84
110;100;100;14:39:50:821;2.99;1.86
111;100;100;14:39:50:876;3.07;1.89
112;100;100;14:39:51:031;3.10;1.94

a7
A7_0pkNs;50.000;40.000;0.0;0.0
Index;Element;Marker;Time;Kraft Diff.;Weg
;;;;kN;mm
1;100;5000;14:45:49:781;1.35;0.00
2;100;100;14:45:49:913;1.33;0.00
3;100;100;14:45:50:213;1.56;0.00
4;100;100;14:45:50:513;1.47;0.00
5;100;100;14:45:50:813;1.45;0.00
6;100;100;14:45:51:113;1.48;0.00
7;100;100;14:45:51:413;1.42;0.00
8;100;100;14:45:51:713;1.64;0.00
9;100;100;14:45:52:013;1.53;0.00
10;100;100;14:45:52:313;1.76;0.00
11;100;100;14:45:52:613;1.66;0.00
12;100;100;14:45:52:913;1.52;0.00
13;100;100;14:45:53:213;1.63;0.00
14;100;100;14:45:53:513;1.62;0.01
15;100;100;14:45:53:813;1.80;0.02
16;100;100;14:45:54:113;1.78;0.02
17;100;100;14:45:54:413;1.77;0.03
18;100;100;14:45:54:713;1.83;0.05
19;100;100;14:45:54:763;1.77;0.05
20;100;100;14:45:55:018;1.83;0.07
21;100;100;14:45:55:318;1.92;0.08
22;100;100;14:45:55:618;1.82;0.10
23;100;100;14:45:55:703;1.72;0.10
24;100;100;14:45:55:923;1.84;0.12
25;100;100;14:45:56:218;1.75;0.15
26;100;100;14:45:56:228;1.70;0.15
27;100;100;14:45:56:528;1.80;0.19
28;100;100;14:45:56:623;1.86;0.20
29;100;100;14:45:56:833;1.87;0.22
30;100;100;14:45:57:048;1.86;0.25
31;100;100;14:45:57:138;1.84;0.28
32;100;100;14:45:57:233;1.82;0.30
33;100;100;14:45:57:443;1.75;0.34
34;100;100;14:45:57:503;1.70;0.35
35;100;100;14:45:57:718;1.76;0.40
36;100;100;14:45:57:753;1.81;0.42
37;100;100;14:45:57:903;1.82;0.45
38;100;100;14:45:58:058;1.84;0.49
39;100;100;14:45:58:133;1.70;0.51
40;100;100;14:45:58:308;1.66;0.56
41;100;100;14:45:58:368;1.81;0.58
42;100;100;14:45:58:473;1.80;0.61
43;100;100;14:45:58:673;1.81;0.66
44;100;100;14:45:58:678;1.66;0.66
45;100;100;14:45:58:783;1.86;0.71
46;100;100;14:45:58:933;1.82;0.76
47;100;100;14:45:58:988;1.74;0.79
48;100;100;14:45:59:083;1.74;0.81
49;100;100;14:45:59:243;1.77;0.86
50;100;100;14:45:59:298;1.83;0.90
51;100;100;14:45:59:328;1.82;0.91
52;100;100;14:45:59:468;1.86;0.97
53;100;100;14:45:59:608;2.08;1.01
54;100;100;14:45:59:623;1.98;1.02
55;100;100;14:45:59:813;2.27;1.07
56;100;100;14:45:59:918;2.38;1.09
57;100;100;14:46:00:043;2.46;1.12
58;100;100;14:46:00:223;2.44;1.14
59;100;100;14:46:00:358;2.59;1.17
60;100;100;14:46:00:528;2.56;1.18
61;100;100;14:46:00:828;2.63;1.20
62;100;100;14:46:01:128;2.64;1.21
63;100;100;14:46:01:428;2.75;1.21
64;100;100;14:46:01:483;2.87;1.22
65;100;100;14:46:01:513;2.78;1.22
66;100;100;14:46:01:738;2.85;1.22
67;100;100;14:46:02:038;2.78;1.23
68;100;100;14:46:02:338;2.82;1.24
69;100;100;14:46:02:638;2.74;1.24
70;100;100;14:46:02:938;2.79;1.25
71;100;100;14:46:03:238;2.85;1.25
72;100;100;14:46:03:538;2.95;1.26
73;100;100;14:46:03:708;2.78;1.27
74;100;100;14:46:03:843;2.78;1.27
75;100;100;14:46:04:143;2.97;1.27
76;100;100;14:46:04:443;3.01;1.28
77;100;100;14:46:04:743;2.99;1.28
78;100;100;14:46:05:043;2.96;1.29
79;100;100;14:46:05:343;2.93;1.29
80;100;100;14:46:05:643;3.06;1.29
81;100;100;14:46:05:943;3.02;1.30
82;100;100;14:46:06:243;3.07;1.31
83;100;100;14:46:06:543;3.14;1.32
84;100;100;14:46:06:573;3.07;1.32
85;100;100;14:46:06:848;3.24;1.32
86;100;100;14:46:07:148;3.21;1.33
87;100;100;14:46:07:448;3.07;1.34
88;100;100;14:46:07:748;3.20;1.35
89;100;100;14:46:08:048;3.12;1.35
90;100;100;14:46:08:348;3.30;1.36
91;100;100;14:46:08:613;3.17;1.37
92;100;100;14:46:08:653;3.21;1.37
93;100;100;14:46:08:953;3.28;1.38
94;100;100;14:46:09:253;3.41;1.38
95;100;100;14:46:09:553;3.35;1.39
96;100;100;14:46:09:853;3.41;1.39
97;100;100;14:46:10:153;3.31;1.41
98;100;100;14:46:10:453;3.34;1.42
99;100;100;14:46:10:483;3.30;1.42
100;100;100;14:46:10:758;3.43;1.43
101;100;100;14:46:11:058;3.49;1.44
102;100;100;14:46:11:358;3.36;1.45
103;100;100;14:46:11:658;3.58;1.46
104;100;100;14:46:11:958;3.64;1.46
105;100;100;14:46:12:063;3.53;1.47
106;100;100;14:46:12:198;2.39;1.52
107;100;100;14:46:12:268;2.60;1.56
108;100;100;14:46:12:288;2.54;1.57
109;100;100;14:46:12:363;2.69;1.62
110;100;100;14:46:12:453;2.88;1.67

a8
A8_0p1kNs;50.000;40.000;0.0;0.0
Index;Element;Marker;Time;Kraft Diff.;Weg
;;;;kN;mm
1;100;5000;14:49:52:329;1.53;0.00
2;100;100;14:49:52:517;1.42;0.00
3;100;100;14:49:52:817;1.46;0.00
4;100;100;14:49:53:116;1.64;0.00
5;100;100;14:49:53:416;1.56;0.00
6;100;100;14:49:53:716;1.68;0.00
7;100;100;14:49:54:017;1.66;0.00
8;100;100;14:49:54:317;1.61;0.00
9;100;100;14:49:54:616;1.67;0.00
10;100;100;14:49:54:916;1.62;0.00
11;100;100;14:49:55:216;1.82;0.00
12;100;100;14:49:55:517;1.82;0.01
13;100;100;14:49:55:817;1.81;0.01
14;100;100;14:49:56:116;1.75;0.03
15;100;100;14:49:56:416;1.63;0.05
16;100;100;14:49:56:461;1.76;0.05
17;100;100;14:49:56:722;1.92;0.07
18;100;100;14:49:57:022;1.83;0.09
19;100;100;14:49:57:222;1.77;0.10
20;100;100;14:49:57:326;1.72;0.11
21;100;100;14:49:57:626;1.80;0.14
22;100;100;14:49:57:746;1.66;0.15
23;100;100;14:49:57:932;1.73;0.18
24;100;100;14:49:58:067;1.76;0.20
25;100;100;14:49:58:237;1.91;0.23
26;100;100;14:49:58:371;1.78;0.25
27;100;100;14:49:58:541;1.72;0.27
28;100;100;14:49:58:711;1.70;0.31
29;100;100;14:49:58:847;1.69;0.34
30;100;100;14:49:58:921;1.78;0.36
31;100;100;14:49:59:102;1.78;0.41
32;100;100;14:49:59:156;1.67;0.42
33;100;100;14:49:59:392;1.69;0.46
34;100;100;14:49:59:461;1.90;0.47
35;100;100;14:49:59:546;1.72;0.51
36;100;100;14:49:59:666;1.77;0.56
37;100;100;14:49:59:772;1.81;0.59
38;100;100;14:49:59:862;1.72;0.61
39;100;100;14:50:00:011;1.68;0.66
40;100;100;14:50:00:081;1.84;0.69
41;100;100;14:50:00:161;1.90;0.71
42;100;100;14:50:00:291;1.68;0.76
43;100;100;14:50:00:392;1.80;0.81
44;100;100;14:50:00:411;1.82;0.82
45;100;100;14:50:00:571;1.84;0.87
46;100;100;14:50:00:701;1.62;0.92
47;100;100;14:50:00:711;1.73;0.92
48;100;100;14:50:00:812;1.77;0.97
49;100;100;14:50:00:966;1.86;1.02
50;100;100;14:50:01:017;2.03;1.04
51;100;100;14:50:01:107;1.98;1.07
52;100;100;14:50:01:261;2.12;1.12
53;100;100;14:50:01:326;2.25;1.14
54;100;100;14:50:01:442;2.32;1.17
55;100;100;14:50:01:631;2.37;1.20
56;100;100;14:50:01:751;2.46;1.22
57;100;100;14:50:01:937;2.48;1.25
58;100;100;14:50:02:156;2.59;1.27
59;100;100;14:50:02:241;2.74;1.28
60;100;100;14:50:02:541;2.72;1.31
61;100;100;14:50:02:841;2.73;1.32
62;100;100;14:50:03:071;2.67;1.32
63;100;100;14:50:03:147;2.82;1.33
64;100;100;14:50:03:446;2.88;1.34
65;100;100;14:50:03:746;2.79;1.34
66;100;100;14:50:04:046;2.84;1.35
67;100;100;14:50:04:347;2.78;1.36
68;100;100;14:50:04:456;3.00;1.36
69;100;100;14:50:04:652;2.94;1.37
70;100;100;14:50:04:951;2.93;1.37
71;100;100;14:50:05:017;2.82;1.38
72;100;100;14:50:05:256;2.92;1.38
73;100;100;14:50:05:557;3.06;1.39
74;100;100;14:50:05:857;3.17;1.39
75;100;100;14:50:06:156;3.01;1.40
76;100;100;14:50:06:456;3.02;1.40
77;100;100;14:50:06:756;2.87;1.41
78;100;100;14:50:07:057;3.09;1.41
79;100;100;14:50:07:357;3.00;1.41
80;100;100;14:50:07:656;3.17;1.42
81;100;100;14:50:07:956;3.18;1.42
82;100;100;14:50:07:982;2.93;1.43
83;100;100;14:50:08:262;3.14;1.43
84;100;100;14:50:08:562;3.21;1.43
85;100;100;14:50:08:862;3.18;1.43
86;100;100;14:50:09:161;3.28;1.44
87;100;100;14:50:09:461;3.24;1.44
88;100;100;14:50:09:762;3.25;1.45
89;100;100;14:50:10:062;3.21;1.46
90;100;100;14:50:10:291;3.06;1.48
91;100;100;14:50:10:366;2.41;1.51
92;100;100;14:50:10:392;2.35;1.53
93;100;100;14:50:10:501;2.44;1.58
94;100;100;14:50:10:616;2.51;1.63
95;100;100;14:50:10:682;2.82;1.66
96;100;100;14:50:10:756;2.88;1.68
97;100;100;14:50:10:897;2.84;1.73
98;100;100;14:50:10:991;2.95;1.75
99;100;100;14:50:11:062;2.61;1.78
100;100;100;14:50:11:166;2.78;1.83
101;100;100;14:50:11:272;2.85;1.88
102;100;100;14:50:11:307;2.79;1.90
103;100;100;14:50:11:397;2.84;1.93
104;100;100;14:50:11:531;3.00;1.99

a9
A9_0p1kNs;50.000;40.000;0.0;0.0
Index;Element;Marker;Time;Kraft Diff.;Weg
;;;;kN;mm
1;100;5000;14:56:32:430;1.45;0.00
2;100;100;14:56:32:658;1.40;0.00
3;100;100;14:56:32:958;1.29;0.00
4;100;100;14:56:33:258;1.28;0.00
5;100;100;14:56:33:558;1.60;0.00
6;100;100;14:56:33:858;1.49;0.00
7;100;100;14:56:34:158;1.67;0.00
8;100;100;14:56:34:458;1.56;0.00
9;100;100;14:56:34:758;1.55;0.00
10;100;100;14:56:35:058;1.59;0.00
11;100;100;14:56:35:358;1.57;0.00
12;100;100;14:56:35:658;1.78;0.00
13;100;100;14:56:35:958;1.70;0.00
14;100;100;14:56:36:258;1.81;0.00
15;100;100;14:56:36:558;1.82;0.00
16;100;100;14:56:36:858;1.61;0.00
17;100;100;14:56:37:158;1.82;0.01
18;100;100;14:56:37:458;1.81;0.01
19;100;100;14:56:37:758;1.92;0.02
20;100;100;14:56:38:058;1.94;0.03
21;100;100;14:56:38:358;1.87;0.04
22;100;100;14:56:38:438;1.84;0.05
23;100;100;14:56:38:663;1.90;0.06
24;100;100;14:56:38:963;1.84;0.08
25;100;100;14:56:39:153;1.75;0.10
26;100;100;14:56:39:268;1.75;0.11
27;100;100;14:56:39:513;1.70;0.15
28;100;100;14:56:39:573;1.80;0.16
29;100;100;14:56:39:838;1.83;0.20
30;100;100;14:56:39:878;1.81;0.20
31;100;100;14:56:40:163;1.74;0.25
32;100;100;14:56:40:183;1.75;0.25
33;100;100;14:56:40:383;1.86;0.30
34;100;100;14:56:40:488;1.95;0.32
35;100;100;14:56:40:548;1.96;0.35
36;100;100;14:56:40:793;1.66;0.39
37;100;100;14:56:40:873;1.66;0.40
38;100;100;14:56:41:008;1.66;0.45
39;100;100;14:56:41:103;1.74;0.49
40;100;100;14:56:41:133;1.83;0.50
41;100;100;14:56:41:333;1.78;0.55
42;100;100;14:56:41:413;1.74;0.58
43;100;100;14:56:41:488;1.76;0.60
44;100;100;14:56:41:638;1.78;0.65
45;100;100;14:56:41:723;1.74;0.68
46;100;100;14:56:41:778;1.72;0.70
47;100;100;14:56:41:903;1.73;0.75
48;100;100;14:56:42:033;1.84;0.79
49;100;100;14:56:42:078;1.77;0.80
50;100;100;14:56:42:233;1.73;0.86
51;100;100;14:56:42:343;1.87;0.91
52;100;100;14:56:42:348;1.70;0.91
53;100;100;14:56:42:498;1.87;0.96
54;100;100;14:56:42:633;1.88;1.01
55;100;100;14:56:42:658;1.92;1.02
56;100;100;14:56:42:798;2.11;1.06
57;100;100;14:56:42:953;2.10;1.11
58;100;100;14:56:42:968;2.11;1.12
59;100;100;14:56:43:168;2.26;1.16
60;100;100;14:56:43:273;2.32;1.19
61;100;100;14:56:43:368;2.41;1.21
62;100;100;14:56:43:578;2.57;1.26
63;100;100;14:56:43:653;2.43;1.26
64;100;100;14:56:43:883;2.47;1.29
65;100;100;14:56:44:003;2.54;1.32
66;100;100;14:56:44:188;2.56;1.34
67;100;100;14:56:44:453;2.87;1.36
68;100;100;14:56:44:493;2.80;1.36
69;100;100;14:56:44:518;2.66;1.37
70;100;100;14:56:44:798;2.72;1.37
71;100;100;14:56:45:098;2.56;1.40
72;100;100;14:56:45:148;2.38;1.42
73;100;100;14:56:45:273;2.03;1.47
74;100;100;14:56:45:383;1.90;1.52
75;100;100;14:56:45:413;2.02;1.53
76;100;100;14:56:45:493;2.09;1.57
77;100;100;14:56:45:603;2.05;1.62
78;100;100;14:56:45:703;2.09;1.67
79;100;100;14:56:45:728;2.09;1.67
80;100;100;14:56:45:828;2.07;1.72

b1
B1_0p1kNs;50.000;40.000;0.0;0.0
Index;Element;Marker;Time;Kraft Diff.;Weg
;;;;kN;mm
1;100;5000;15:01:37:613;1.40;0.00
2;100;100;15:01:37:843;1.50;0.00
3;100;100;15:01:38:143;1.45;0.00
4;100;100;15:01:38:443;1.66;0.00
5;100;100;15:01:38:743;1.57;0.00
6;100;100;15:01:39:043;1.49;0.00
7;100;100;15:01:39:343;1.59;0.00
8;100;100;15:01:39:643;1.66;0.00
9;100;100;15:01:39:943;1.78;0.00
10;100;100;15:01:40:243;1.68;0.00
11;100;100;15:01:40:543;1.60;0.00
12;100;100;15:01:40:843;1.80;0.00
13;100;100;15:01:41:143;1.77;0.00
14;100;100;15:01:41:443;1.87;0.00
15;100;100;15:01:41:743;1.81;0.01
16;100;100;15:01:42:043;1.75;0.01
17;100;100;15:01:42:343;1.87;0.02
18;100;100;15:01:42:643;1.90;0.04
19;100;100;15:01:42:823;1.70;0.05
20;100;100;15:01:42:948;1.80;0.06
21;100;100;15:01:43:248;2.00;0.09
22;100;100;15:01:43:393;1.89;0.10
23;100;100;15:01:43:553;1.82;0.11
24;100;100;15:01:43:823;1.82;0.15
25;100;100;15:01:43:858;1.70;0.15
26;100;100;15:01:44:158;1.75;0.20
27;100;100;15:01:44:183;1.91;0.20
28;100;100;15:01:44:463;1.78;0.23
29;100;100;15:01:44:588;1.70;0.25
30;100;100;15:01:44:758;1.80;0.30
31;100;100;15:01:44:773;1.70;0.31
32;100;100;15:01:44:988;1.68;0.35
33;100;100;15:01:45:078;1.74;0.37
34;100;100;15:01:45:198;1.95;0.40
35;100;100;15:01:45:353;1.90;0.46
36;100;100;15:01:45:388;1.73;0.46
37;100;100;15:01:45:563;1.72;0.51
38;100;100;15:01:45:693;1.76;0.54
39;100;100;15:01:45:733;1.80;0.56
40;100;100;15:01:45:888;1.81;0.61
41;100;100;15:01:46:003;1.76;0.65
42;100;100;15:01:46:058;1.76;0.66
43;100;100;15:01:46:178;1.75;0.71
44;100;100;15:01:46:313;1.78;0.75
45;100;100;15:01:46:333;1.81;0.76
46;100;100;15:01:46:438;1.73;0.81
47;100;100;15:01:46:623;1.84;0.85
48;100;100;15:01:46:633;1.70;0.86
49;100;100;15:01:46:698;1.94;0.91
50;100;100;15:01:46:818;1.95;0.96
51;100;100;15:01:46:938;1.91;1.00
52;100;100;15:01:46:978;1.96;1.01
53;100;100;15:01:47:153;2.17;1.06
54;100;100;15:01:47:248;2.32;1.09
55;100;100;15:01:47:373;2.33;1.11
56;100;100;15:01:47:553;2.56;1.14
57;100;100;15:01:47:693;2.65;1.16
58;100;100;15:01:47:858;2.60;1.18
59;100;100;15:01:48:158;2.72;1.20
60;100;100;15:01:48:458;2.58;1.21
61;100;100;15:01:48:518;2.67;1.21
62;100;100;15:01:48:763;2.84;1.22
63;100;100;15:01:49:063;2.68;1.22
64;100;100;15:01:49:363;2.73;1.23
65;100;100;15:01:49:663;2.88;1.23
66;100;100;15:01:49:963;2.92;1.24
67;100;100;15:01:50:263;2.90;1.25
68;100;100;15:01:50:563;2.79;1.25
69;100;100;15:01:50:863;2.86;1.26
70;100;100;15:01:51:163;3.05;1.26
71;100;100;15:01:51:358;3.12;1.26
72;100;100;15:01:51:398;3.02;1.26
73;100;100;15:01:51:473;2.99;1.26
74;100;100;15:01:51:773;2.85;1.27
75;100;100;15:01:52:073;2.99;1.28
76;100;100;15:01:52:373;3.08;1.28
77;100;100;15:01:52:673;3.08;1.29
78;100;100;15:01:52:973;3.06;1.29
79;100;100;15:01:53:273;2.95;1.30
80;100;100;15:01:53:573;3.17;1.30
81;100;100;15:01:53:873;3.23;1.31
82;100;100;15:01:54:018;3.18;1.31
83;100;100;15:01:54:178;3.13;1.32
84;100;100;15:01:54:478;3.31;1.33
85;100;100;15:01:54:778;3.21;1.34
86;100;100;15:01:55:078;3.14;1.35
87;100;100;15:01:55:378;3.15;1.35
88;100;100;15:01:55:678;3.34;1.36
89;100;100;15:01:55:848;3.08;1.36
90;100;100;15:01:55:983;3.25;1.37
91;100;100;15:01:56:283;3.36;1.37
92;100;100;15:01:56:583;3.35;1.38
93;100;100;15:01:56:883;3.41;1.39
94;100;100;15:01:57:183;3.35;1.39
95;100;100;15:01:57:483;3.37;1.40
96;100;100;15:01:57:783;3.53;1.41
97;100;100;15:01:58:018;3.46;1.41
98;100;100;15:01:58:088;3.37;1.42
99;100;100;15:01:58:388;3.51;1.43
100;100;100;15:01:58:688;3.66;1.43
101;100;100;15:01:58:988;3.49;1.44
102;100;100;15:01:59:288;3.55;1.45
103;100;100;15:01:59:588;3.58;1.46
104;100;100;15:01:59:648;3.52;1.47
105;100;100;15:01:59:893;3.63;1.47
106;100;100;15:02:00:193;3.61;1.48
107;100;100;15:02:00:493;3.70;1.49
108;100;100;15:02:00:793;3.86;1.51
109;100;100;15:02:00:833;3.86;1.52
110;100;100;15:02:01:098;3.77;1.53
111;100;100;15:02:01:398;3.88;1.54
112;100;100;15:02:01:698;3.84;1.56
113;100;100;15:02:01:923;3.98;1.57
114;100;100;15:02:02:003;3.88;1.57
115;100;100;15:02:02:303;3.85;1.58
116;100;100;15:02:02:603;3.88;1.59
117;100;100;15:02:02:833;3.91;1.62
118;100;100;15:02:02:908;3.98;1.62
119;100;100;15:02:03:208;3.92;1.64
120;100;100;15:02:03:508;3.93;1.66
121;100;100;15:02:03:633;3.88;1.67
122;100;100;15:02:03:803;2.73;1.72
123;100;100;15:02:03:818;2.71;1.73
124;100;100;15:02:03:863;2.88;1.77
125;100;100;15:02:03:973;3.03;1.82
126;100;100;15:02:04:038;3.23;1.87
127;100;100;15:02:04:123;3.16;1.93
128;100;100;15:02:04:138;3.24;1.93
129;100;100;15:02:04:243;3.33;1.98
130;100;100;15:02:04:318;3.07;2.03
131;100;100;15:02:04:413;3.16;2.09
132;100;100;15:02:04:453;3.16;2.11

b2
B2_0p1kNs;50.000;40.000;0.0;0.0
Index;Element;Marker;Time;Kraft Diff.;Weg
;;;;kN;mm
1;100;5000;15:08:12:703;1.75;0.00
2;100;100;15:08:13:075;1.54;0.00
3;100;100;15:08:13:375;1.70;0.00
4;100;100;15:08:13:675;1.61;0.00
5;100;100;15:08:13:975;1.84;0.00
6;100;100;15:08:14:275;1.84;0.00
7;100;100;15:08:14:575;1.75;0.00
8;100;100;15:08:14:875;1.86;0.00
9;100;100;15:08:15:175;1.68;0.00
10;100;100;15:08:15:475;1.86;0.00
11;100;100;15:08:15:775;1.82;0.01
12;100;100;15:08:16:075;1.96;0.02
13;100;100;15:08:16:375;1.97;0.03
14;100;100;15:08:16:645;1.87;0.05
15;100;100;15:08:16:680;1.75;0.05
16;100;100;15:08:16:980;1.83;0.08
17;100;100;15:08:17:280;1.82;0.09
18;100;100;15:08:17:335;1.77;0.10
19;100;100;15:08:17:585;1.75;0.15
20;100;100;15:08:17:590;1.86;0.15
21;100;100;15:08:17:880;1.80;0.20
22;100;100;15:08:17:895;1.72;0.20
23;100;100;15:08:18:165;1.84;0.25
24;100;100;15:08:18:200;1.91;0.26
25;100;100;15:08:18:360;1.77;0.30
26;100;100;15:08:18:505;1.83;0.33
27;100;100;15:08:18:620;1.81;0.35
28;100;100;15:08:18:810;1.69;0.40
29;100;100;15:08:18:820;1.80;0.40
30;100;100;15:08:19:000;1.87;0.46
31;100;100;15:08:19:120;1.76;0.49
32;100;100;15:08:19:180;1.77;0.51
33;100;100;15:08:19:360;1.78;0.56
34;100;100;15:08:19:430;1.75;0.58
35;100;100;15:08:19:525;1.88;0.61
36;100;100;15:08:19:640;1.98;0.66
37;100;100;15:08:19:740;1.84;0.68
38;100;100;15:08:19:885;1.80;0.71
39;100;100;15:08:19:960;1.89;0.76
40;100;100;15:08:20:050;1.94;0.80
41;100;100;15:08:20:090;1.91;0.81
42;100;100;15:08:20:260;1.89;0.86
43;100;100;15:08:20:360;1.98;0.90
44;100;100;15:08:20:385;1.92;0.91
45;100;100;15:08:20:525;2.02;0.96
46;100;100;15:08:20:670;2.29;1.01
47;100;100;15:08:20:675;2.10;1.01
48;100;100;15:08:20:875;2.29;1.06
49;100;100;15:08:20:980;2.47;1.08
50;100;100;15:08:21:240;2.47;1.11
51;100;100;15:08:21:285;2.46;1.12
52;100;100;15:08:21:585;2.58;1.15
53;100;100;15:08:21:800;2.68;1.16
54;100;100;15:08:21:890;2.67;1.17
55;100;100;15:08:22:190;2.59;1.19
56;100;100;15:08:22:490;2.68;1.21
57;100;100;15:08:22:615;2.74;1.21
58;100;100;15:08:22:795;2.78;1.22
59;100;100;15:08:23:095;2.85;1.23
60;100;100;15:08:23:395;2.75;1.24
61;100;100;15:08:23:695;2.84;1.24
62;100;100;15:08:23:995;2.88;1.25
63;100;100;15:08:24:295;2.99;1.25
64;100;100;15:08:24:380;3.06;1.26
65;100;100;15:08:24:480;2.95;1.26
66;100;100;15:08:24:605;2.96;1.27
67;100;100;15:08:24:905;3.05;1.27
68;100;100;15:08:25:205;2.94;1.28
69;100;100;15:08:25:505;2.96;1.28
70;100;100;15:08:25:805;2.92;1.29
71;100;100;15:08:26:105;3.03;1.30
72;100;100;15:08:26:405;3.07;1.31
73;100;100;15:08:26:530;3.12;1.31
74;100;100;15:08:26:710;3.00;1.32
75;100;100;15:08:27:010;2.99;1.32
76;100;100;15:08:27:310;3.17;1.33
77;100;100;15:08:27:610;3.30;1.33
78;100;100;15:08:27:910;3.17;1.34
79;100;100;15:08:28:210;3.25;1.36
80;100;100;15:08:28:275;3.06;1.36
81;100;100;15:08:28:515;3.25;1.37
82;100;100;15:08:28:815;3.29;1.38
83;100;100;15:08:29:115;3.27;1.39
84;100;100;15:08:29:415;3.33;1.41
85;100;100;15:08:29:685;3.23;1.41
86;100;100;15:08:29:720;3.27;1.41
87;100;100;15:08:30:020;3.49;1.42
88;100;100;15:08:30:320;3.29;1.43
89;100;100;15:08:30:620;3.34;1.44
90;100;100;15:08:30:920;3.41;1.45
91;100;100;15:08:31:005;3.49;1.46
92;100;100;15:08:31:225;3.53;1.48
93;100;100;15:08:31:525;3.45;1.49
94;100;100;15:08:31:825;3.36;1.50
95;100;100;15:08:31:965;3.62;1.51
96;100;100;15:08:32:130;3.51;1.53
97;100;100;15:08:32:430;3.55;1.55
98;100;100;15:08:32:730;3.43;1.56
99;100;100;15:08:32:910;3.57;1.56
100;100;100;15:08:33:035;3.70;1.57
101;100;100;15:08:33:335;3.61;1.59
102;100;100;15:08:33:635;3.61;1.61
103;100;100;15:08:33:645;3.57;1.61
104;100;100;15:08:33:940;3.64;1.64
105;100;100;15:08:34:240;3.84;1.66
106;100;100;15:08:34:340;3.83;1.66
107;100;100;15:08:34:545;3.71;1.67
108;100;100;15:08:34:845;3.76;1.69
109;100;100;15:08:34:930;2.50;1.71
110;100;100;15:08:34:990;2.44;1.77
111;100;100;15:08:35:070;2.54;1.82
112;100;100;15:08:35:150;2.54;1.87
113;100;100;15:08:35:165;2.78;1.88
114;100;100;15:08:35:235;2.88;1.92
115;100;100;15:08:35:320;3.00;1.97
116;100;100;15:08:35:415;3.06;2.02
117;100;100;15:08:35:480;3.02;2.06
118;100;100;15:08:35:500;2.93;2.07

b3
B3_0p1kNs;50.000;40.000;0.0;0.0
Index;Element;Marker;Time;Kraft Diff.;Weg
;;;;kN;mm
1;100;5000;15:14:19:421;1.59;0.00
2;100;100;15:14:19:806;1.72;0.00
3;100;100;15:14:20:106;1.70;0.00
4;100;100;15:14:20:406;1.57;0.00
5;100;100;15:14:20:706;1.72;0.00
6;100;100;15:14:21:006;1.57;0.00
7;100;100;15:14:21:306;1.89;0.00
8;100;100;15:14:21:606;1.82;0.00
9;100;100;15:14:21:906;1.73;0.01
10;100;100;15:14:22:206;1.80;0.01
11;100;100;15:14:22:506;1.72;0.03
12;100;100;15:14:22:806;1.86;0.04
13;100;100;15:14:22:941;1.84;0.05
14;100;100;15:14:23:111;1.77;0.06
15;100;100;15:14:23:411;1.86;0.07
16;100;100;15:14:23:711;1.92;0.09
17;100;100;15:14:23:851;1.74;0.10
18;100;100;15:14:24:016;1.80;0.12
19;100;100;15:14:24:316;1.81;0.14
20;100;100;15:14:24:356;1.72;0.15
21;100;100;15:14:24:621;1.74;0.19
22;100;100;15:14:24:796;1.77;0.20
23;100;100;15:14:24:926;1.84;0.22
24;100;100;15:14:25:051;1.94;0.25
25;100;100;15:14:25:231;1.87;0.29
26;100;100;15:14:25:296;1.80;0.30
27;100;100;15:14:25:536;1.83;0.35
28;100;100;15:14:25:551;1.78;0.35
29;100;100;15:14:25:721;1.77;0.41
30;100;100;15:14:25:846;1.78;0.44
31;100;100;15:14:25:956;1.80;0.46
32;100;100;15:14:26:151;1.80;0.51
33;100;100;15:14:26:156;1.70;0.51
34;100;100;15:14:26:316;1.77;0.56
35;100;100;15:14:26:461;1.66;0.60
36;100;100;15:14:26:476;1.95;0.61
37;100;100;15:14:26:656;1.74;0.66
38;100;100;15:14:26:771;1.76;0.70
39;100;100;15:14:26:791;1.80;0.71
40;100;100;15:14:26:896;1.78;0.76
41;100;100;15:14:27:081;1.88;0.80
42;100;100;15:14:27:131;1.78;0.81
43;100;100;15:14:27:216;1.96;0.86
44;100;100;15:14:27:326;1.70;0.91
45;100;100;15:14:27:396;1.76;0.94
46;100;100;15:14:27:471;1.88;0.96
47;100;100;15:14:27:611;2.02;1.01
48;100;100;15:14:27:706;2.07;1.04
49;100;100;15:14:27:781;2.27;1.07
50;100;100;15:14:27:981;2.32;1.12
51;100;100;15:14:28:016;2.32;1.13
52;100;100;15:14:28:241;2.35;1.17
53;100;100;15:14:28:321;2.51;1.17
54;100;100;15:14:28:621;2.51;1.19
55;100;100;15:14:28:896;2.57;1.22
56;100;100;15:14:28:926;2.74;1.22
57;100;100;15:14:29:226;2.66;1.23
58;100;100;15:14:29:526;2.75;1.25
59;100;100;15:14:29:826;2.94;1.26
60;100;100;15:14:30:126;2.85;1.26
61;100;100;15:14:30:226;2.81;1.27
62;100;100;15:14:30:431;2.82;1.27
63;100;100;15:14:30:506;3.07;1.27
64;100;100;15:14:30:736;2.86;1.28
65;100;100;15:14:31:036;2.76;1.29
66;100;100;15:14:31:336;2.95;1.30
67;100;100;15:14:31:636;3.01;1.31
68;100;100;15:14:31:936;2.88;1.31
69;100;100;15:14:32:071;2.92;1.32
70;100;100;15:14:32:241;3.07;1.32
71;100;100;15:14:32:541;3.03;1.33
72;100;100;15:14:32:841;3.01;1.33
73;100;100;15:14:33:141;2.95;1.34
74;100;100;15:14:33:441;3.05;1.34
75;100;100;15:14:33:741;3.16;1.35
76;100;100;15:14:34:041;3.09;1.35
77;100;100;15:14:34:341;3.22;1.36
78;100;100;15:14:34:641;3.03;1.36
79;100;100;15:14:34:726;3.17;1.37
80;100;100;15:14:34:946;3.29;1.37
81;100;100;15:14:35:246;3.03;1.38
82;100;100;15:14:35:546;3.20;1.39
83;100;100;15:14:35:846;3.25;1.39
84;100;100;15:14:36:146;3.29;1.40
85;100;100;15:14:36:446;3.35;1.41
86;100;100;15:14:36:596;3.30;1.42
87;100;100;15:14:36:751;3.39;1.42
88;100;100;15:14:37:051;3.38;1.43
89;100;100;15:14:37:351;3.35;1.43
90;100;100;15:14:37:651;3.33;1.44
91;100;100;15:14:37:951;3.37;1.45
92;100;100;15:14:38:251;3.50;1.46
93;100;100;15:14:38:381;3.38;1.47
94;100;100;15:14:38:556;3.30;1.48
95;100;100;15:14:38:856;3.53;1.49
96;100;100;15:14:39:156;3.63;1.50
97;100;100;15:14:39:456;3.64;1.52
98;100;100;15:14:39:491;3.49;1.52
99;100;100;15:14:39:761;3.62;1.53
100;100;100;15:14:40:061;3.65;1.54
101;100;100;15:14:40:361;3.77;1.55
102;100;100;15:14:40:661;3.59;1.56
103;100;100;15:14:40:736;3.69;1.57
104;100;100;15:14:40:966;3.78;1.59
105;100;100;15:14:41:266;3.72;1.60
106;100;100;15:14:41:566;3.71;1.62
107;100;100;15:14:41:581;3.82;1.62
108;100;100;15:14:41:871;3.83;1.64
109;100;100;15:14:42:171;3.78;1.66
110;100;100;15:14:42:406;3.87;1.67
111;100;100;15:14:42:476;3.82;1.67
112;100;100;15:14:42:776;3.88;1.69
113;100;100;15:14:43:076;3.82;1.71
114;100;100;15:14:43:136;3.90;1.72
115;100;100;15:14:43:381;4.04;1.75
116;100;100;15:14:43:681;3.90;1.76
117;100;100;15:14:43:736;3.90;1.77
118;100;100;15:14:43:986;4.14;1.78
119;100;100;15:14:44:216;2.79;1.82
120;100;100;15:14:44:276;2.85;1.87
121;100;100;15:14:44:296;3.01;1.89
122;100;100;15:14:44:361;2.89;1.92
123;100;100;15:14:44:451;2.96;1.98
124;100;100;15:14:44:541;3.01;2.03
125;100;100;15:14:44:611;3.17;2.08
126;100;100;15:14:44:616;3.07;2.08
127;100;100;15:14:44:706;3.23;2.13
128;100;100;15:14:44:781;3.27;2.18

x
x;0.000;0.000;0.0;0.0
Index;Element;Marker;Time;Kraft Diff.;Weg
;;;;kN;mm
