CoarseGrainedBlock
1;2015-11-12;09:22:57;;;27;05:57:00;
30;1;20
0.0;0.0

c2
Cplane_A60_3_II;sc3ii;50.000;40.000;0.0;0.0
Index;Element;Marker;Time;Kraft Diff.;Weg
;;;;kN;mm
1;100;5000;16:56:47:308;1.61;0.00
2;100;100;16:56:49:277;1.82;0.00
3;100;100;16:56:52:277;2.13;0.01
4;100;100;16:56:53:677;2.18;0.05
5;100;100;16:56:54:177;2.15;0.10
6;100;100;16:56:54:627;2.09;0.15
7;100;100;16:56:55:027;2.29;0.21
8;100;100;16:56:55:477;2.33;0.26
9;100;100;16:56:55:527;2.18;0.27
10;100;100;16:56:55:828;2.32;0.31
11;100;100;16:56:56:277;2.27;0.37
12;100;100;16:56:56:627;2.39;0.42
13;100;100;16:56:56:977;2.41;0.47
14;100;100;16:56:57:477;2.56;0.53
15;100;100;16:56:57:877;2.44;0.58
16;100;100;16:56:58:277;2.63;0.63
17;100;100;16:56:58:777;2.41;0.70
18;100;100;16:56:58:927;2.07;0.74
19;100;100;16:56:58:977;2.07;0.77
20;100;100;16:56:59:127;2.18;0.84
21;100;100;16:56:59:277;2.20;0.90
22;100;100;16:56:59:427;2.31;0.96
23;100;100;16:56:59:578;2.36;1.02
24;100;100;16:56:59:727;2.35;1.07
25;100;100;16:56:59:877;2.40;1.13
26;100;100;16:57:00:027;2.40;1.19
27;100;100;16:57:00:177;2.59;1.24
28;100;100;16:57:00:328;2.43;1.30
29;100;100;16:57:00:527;2.93;1.36
30;100;100;16:57:00:578;3.08;1.36

c3
C-plane_Adir_3_III;sc3iii;50.000;40.000;0.0;0.0
Index;Element;Marker;Time;Kraft Diff.;Weg
;;;;kN;mm
1;100;5000;15:28:18:280;1.24;0.00
2;100;100;15:28:18:587;1.17;0.00
3;100;100;15:28:19:337;1.45;0.00
4;100;100;15:28:21:637;1.50;0.00
5;100;100;15:28:24:637;1.83;0.00
6;100;100;15:28:26:637;1.86;0.05
7;100;100;15:28:27:137;1.94;0.10
8;100;100;15:28:27:687;1.97;0.16
9;100;100;15:28:27:787;2.00;0.16
10;100;100;15:28:28:187;2.05;0.21
11;100;100;15:28:28:487;2.04;0.27
12;100;100;15:28:28:837;2.02;0.32
13;100;100;15:28:29:087;2.00;0.38
14;100;100;15:28:29:337;1.92;0.44
15;100;100;15:28:29:587;1.88;0.49
16;100;100;15:28:29:737;2.07;0.55
17;100;100;15:28:29:887;1.80;0.60
18;100;100;15:28:30:087;2.02;0.66
19;100;100;15:28:30:237;1.81;0.71
20;100;100;15:28:30:437;1.94;0.77
21;100;100;15:28:30:587;2.01;0.84
22;100;100;15:28:30:737;1.90;0.89
23;100;100;15:28:30:887;1.94;0.95
24;100;100;15:28:31:037;2.05;1.02
25;100;100;15:28:31:187;2.01;1.08
26;100;100;15:28:31:337;2.00;1.14
27;100;100;15:28:31:537;2.24;1.21
28;100;100;15:28:31:687;2.29;1.26
29;100;100;15:28:31:737;2.33;1.27
30;100;100;15:28:31:937;2.37;1.33
31;100;100;15:28:32:187;2.54;1.39
32;100;100;15:28:32:537;2.05;1.45
33;100;100;15:28:32:637;1.84;1.51
34;100;100;15:28:32:787;2.12;1.58
35;100;100;15:28:32:937;2.30;1.65
36;100;100;15:28:33:087;2.46;1.71
37;100;100;15:28:33:287;2.84;1.77
38;100;100;15:28:33:337;3.08;1.77
39;100;100;15:28:35:187;3.23;1.80
40;100;100;15:28:38:187;3.37;1.81
41;100;100;15:28:41:187;3.59;1.81
42;100;100;15:28:41:937;3.56;1.82

c5
Cplane_Bdir_3_V;sc3iii;50.000;40.000;0.0;0.0
Index;Element;Marker;Time;Kraft Diff.;Weg
;;;;kN;mm
1;100;5000;15:57:26:386;1.09;0.00
2;100;100;15:57:28:893;1.27;0.00
3;100;100;15:57:29:293;1.43;0.00
4;100;100;15:57:31:943;1.56;0.00
5;100;100;15:57:34:943;1.94;0.00
6;100;100;15:57:37:443;2.07;0.05
7;100;100;15:57:37:993;1.92;0.08
8;100;100;15:57:38:193;2.09;0.10
9;100;100;15:57:38:693;2.01;0.16
10;100;100;15:57:38:943;1.97;0.21
11;100;100;15:57:39:243;1.87;0.26
12;100;100;15:57:39:493;1.98;0.32
13;100;100;15:57:39:693;1.96;0.37
14;100;100;15:57:39:943;1.89;0.43
15;100;100;15:57:40:093;2.03;0.48
16;100;100;15:57:40:343;1.91;0.55
17;100;100;15:57:40:493;1.90;0.61
18;100;100;15:57:40:693;2.01;0.66
19;100;100;15:57:40:843;1.91;0.73
20;100;100;15:57:40:993;1.94;0.79
21;100;100;15:57:41:193;1.84;0.86
22;100;100;15:57:41:343;2.03;0.92
23;100;100;15:57:41:493;1.96;0.98
24;100;100;15:57:41:643;2.09;1.04
25;100;100;15:57:41:793;2.07;1.09
26;100;100;15:57:41:893;2.23;1.13
27;100;100;15:57:41:943;2.31;1.16
28;100;100;15:57:42:143;2.38;1.21
29;100;100;15:57:42:293;2.46;1.27
30;100;100;15:57:42:543;2.58;1.32
31;100;100;15:57:42:893;2.64;1.39
32;100;100;15:57:43:193;2.75;1.44
33;100;100;15:57:43:543;2.35;1.50
34;100;100;15:57:43:693;2.03;1.57
35;100;100;15:57:43:843;2.26;1.64
36;100;100;15:57:43:943;2.23;1.70
37;100;100;15:57:44:093;2.45;1.76
38;100;100;15:57:44:243;2.57;1.82
39;100;100;15:57:44:393;2.30;1.89
40;100;100;15:57:44:543;2.53;1.94
41;100;100;15:57:44:693;2.67;2.01
42;100;100;15:57:44:843;2.69;2.06

c6
cplane_Adir_3_VI;sc3vi;50.000;40.000;0.0;0.0
Index;Element;Marker;Time;Kraft Diff.;Weg
;;;;kN;mm
1;100;5000;15:41:13:900;1.35;0.00
2;100;100;15:41:16:134;1.55;0.00
3;100;100;15:41:19:134;1.72;0.00
4;100;100;15:41:21:584;1.98;0.05
5;100;100;15:41:22:183;2.02;0.08
6;100;100;15:41:22:334;1.96;0.10
7;100;100;15:41:22:683;1.97;0.16
8;100;100;15:41:23:134;1.87;0.21
9;100;100;15:41:23:433;1.91;0.26
10;100;100;15:41:23:734;1.95;0.32
11;100;100;15:41:23:984;2.01;0.37
12;100;100;15:41:24:183;1.95;0.43
13;100;100;15:41:24:384;1.81;0.48
14;100;100;15:41:24:584;2.09;0.54
15;100;100;15:41:24:784;1.95;0.61
16;100;100;15:41:24:984;1.94;0.66
17;100;100;15:41:25:134;1.97;0.72
18;100;100;15:41:25:334;1.88;0.80
19;100;100;15:41:25:484;1.95;0.86
20;100;100;15:41:25:634;2.05;0.92
21;100;100;15:41:25:784;2.04;0.97
22;100;100;15:41:25:933;1.88;1.04
23;100;100;15:41:26:034;1.98;1.07
24;100;100;15:41:26:134;2.08;1.12
25;100;100;15:41:26:284;2.05;1.18
26;100;100;15:41:26:433;2.24;1.24
27;100;100;15:41:26:584;2.33;1.29
28;100;100;15:41:26:784;2.39;1.35
29;100;100;15:41:26:984;2.33;1.41
30;100;100;15:41:27:183;2.57;1.47
31;100;100;15:41:27:433;2.61;1.52
32;100;100;15:41:27:634;2.57;1.57
33;100;100;15:41:27:834;2.30;1.62
34;100;100;15:41:27:984;2.54;1.68
35;100;100;15:41:28:134;2.88;1.72
36;100;100;15:41:28:234;2.82;1.73
37;100;100;15:41:29:683;3.21;1.77
38;100;100;15:41:31:433;3.33;1.78
39;100;100;15:41:32:734;3.43;1.78
40;100;100;15:41:35:734;3.58;1.79

a1
Aplane_Bdir_1_I;sa1i;50.000;40.000;0.0;0.0
Index;Element;Marker;Time;Kraft Diff.;Weg
;;;;kN;mm
1;100;5000;09:23:37:095;1.27;0.00
2;100;100;09:23:40:021;1.61;0.00
3;100;100;09:23:43:021;1.94;0.01
4;100;100;09:23:44:521;1.95;0.05
5;100;100;09:23:45:321;1.90;0.10
6;100;100;09:23:45:821;1.90;0.15
7;100;100;09:23:46:171;1.95;0.18
8;100;100;09:23:46:321;2.05;0.20
9;100;100;09:23:46:621;1.94;0.26
10;100;100;09:23:46:871;1.88;0.31
11;100;100;09:23:47:171;1.95;0.37
12;100;100;09:23:47:421;2.02;0.42
13;100;100;09:23:47:571;2.01;0.48
14;100;100;09:23:47:821;2.04;0.55
15;100;100;09:23:47:971;1.77;0.60
16;100;100;09:23:48:171;2.05;0.66
17;100;100;09:23:48:321;1.87;0.72
18;100;100;09:23:48:571;1.89;0.80
19;100;100;09:23:48:721;2.03;0.86
20;100;100;09:23:48:921;2.17;0.93
21;100;100;09:23:49:071;2.03;0.99
22;100;100;09:23:49:221;2.19;1.05
23;100;100;09:23:49:471;2.46;1.11
24;100;100;09:23:49:671;2.48;1.16
25;100;100;09:23:49:971;2.66;1.21
26;100;100;09:23:50:071;2.57;1.23
27;100;100;09:23:50:471;2.71;1.27
28;100;100;09:23:50:621;2.88;1.28
29;100;100;09:23:51:121;2.93;1.32
30;100;100;09:23:52:021;2.88;1.37
31;100;100;09:23:52:971;3.18;1.42
32;100;100;09:23:53:321;3.10;1.44
33;100;100;09:23:54:221;3.12;1.47
34;100;100;09:23:54:921;3.20;1.52
35;100;100;09:23:55:121;2.39;1.58
36;100;100;09:23:55:271;2.54;1.64
37;100;100;09:23:55:371;2.56;1.69
38;100;100;09:23:55:521;2.65;1.75
39;100;100;09:23:55:671;2.86;1.81

a2
A2;50.000;40.000;0.0;0.0
Index;Element;Marker;Time;Kraft Diff.;Weg
;;;;kN;mm
1;100;5000;09:39:48:776;1.45;0.00
2;100;100;09:39:51:176;1.54;0.00
3;100;100;09:39:54:176;1.82;0.00
4;100;100;09:39:55:976;1.88;0.06
5;100;100;09:39:56:326;2.03;0.11
6;100;100;09:39:56:875;2.02;0.16
7;100;100;09:39:57:226;2.03;0.22
8;100;100;09:39:57:375;1.98;0.25
9;100;100;09:39:57:526;1.91;0.28
10;100;100;09:39:57:726;1.98;0.33
11;100;100;09:39:57:926;1.96;0.38
12;100;100;09:39:58:176;1.94;0.43
13;100;100;09:39:58:375;1.97;0.49
14;100;100;09:39:58:526;1.87;0.54
15;100;100;09:39:58:726;1.84;0.60
16;100;100;09:39:58:926;2.07;0.66
17;100;100;09:39:59:076;1.88;0.73
18;100;100;09:39:59:276;2.05;0.80
19;100;100;09:39:59:426;1.94;0.86
20;100;100;09:39:59:625;2.11;0.92
21;100;100;09:39:59:776;2.11;0.98
22;100;100;09:39:59:976;2.12;1.05
23;100;100;09:40:00:125;2.37;1.10
24;100;100;09:40:00:375;2.41;1.17
25;100;100;09:40:00:576;2.39;1.23
26;100;100;09:40:00:776;2.39;1.28
27;100;100;09:40:01:026;2.52;1.34
28;100;100;09:40:01:226;2.66;1.39
29;100;100;09:40:01:375;2.58;1.43
30;100;100;09:40:01:476;2.59;1.45
31;100;100;09:40:01:776;2.75;1.50
32;100;100;09:40:02:076;2.81;1.56
33;100;100;09:40:02:326;2.19;1.61
34;100;100;09:40:02:426;2.29;1.66
35;100;100;09:40:02:576;2.05;1.74
36;100;100;09:40:02:726;2.29;1.81
37;100;100;09:40:02:875;2.37;1.88
38;100;100;09:40:02:976;2.38;1.93
39;100;100;09:40:03:076;2.41;1.98
40;100;100;09:40:03:226;2.31;2.06
41;100;100;09:40:03:375;2.46;2.13

b4
B4;50.000;40.000;0.0;0.0
Index;Element;Marker;Time;Kraft Diff.;Weg
;;;;kN;mm
1;100;5000;12:06:31:902;1.60;0.00
2;100;100;12:06:33:812;1.80;0.00
3;100;5001;12:06:33:862;2.00;0.00
4;100;5002;12:06:41:262;1.98;0.00
5;100;100;12:06:42:812;2.13;0.00
6;100;100;12:06:45:062;1.97;0.05
7;100;100;12:06:45:462;1.98;0.11
8;100;100;12:06:45:862;2.16;0.16
9;100;100;12:06:45:962;2.04;0.18
10;100;100;12:06:46:212;2.03;0.21
11;100;100;12:06:46:412;2.19;0.26
12;100;100;12:06:46:662;2.15;0.32
13;100;100;12:06:46:912;1.98;0.38
14;100;100;12:06:47:112;2.07;0.43
15;100;100;12:06:47:312;2.33;0.49
16;100;100;12:06:47:462;2.02;0.54
17;100;100;12:06:47:662;2.00;0.60
18;100;100;12:06:47:812;2.26;0.65
19;100;100;12:06:47:962;2.05;0.71
20;100;100;12:06:48:162;1.95;0.77
21;100;100;12:06:48:312;2.36;0.83
22;100;100;12:06:48:462;2.19;0.89
23;100;100;12:06:48:612;1.91;0.95
24;100;100;12:06:48:762;2.52;1.00
25;100;100;12:06:48:962;2.75;1.06
26;100;100;12:06:49:162;2.78;1.12
27;100;100;12:06:49:462;2.97;1.17
28;100;100;12:06:49:862;2.88;1.22
29;100;100;12:06:49:912;3.05;1.23
30;100;100;12:06:50:212;3.15;1.25
31;100;100;12:06:50:462;3.03;1.28
32;100;100;12:06:51:212;2.95;1.33
33;100;100;12:06:52:712;3.15;1.38
34;100;100;12:06:53:112;2.99;1.39
35;100;100;12:06:56:112;3.65;1.40
36;100;100;12:06:57:062;3.29;1.43
37;100;100;12:06:57:312;3.55;1.48

b5
B5;50.000;40.000;0.0;0.0
Index;Element;Marker;Time;Kraft Diff.;Weg
;;;;kN;mm
1;100;5000;14:22:06:681;1.57;0.00
2;100;100;14:22:08:181;1.60;0.00
3;100;100;14:22:11:181;1.68;0.00
4;100;100;14:22:14:181;2.29;0.00
5;100;100;14:22:16:630;2.02;0.05
6;100;100;14:22:17:080;2.26;0.11
7;100;100;14:22:17:281;1.91;0.14
8;100;100;14:22:17:380;2.36;0.17
9;100;100;14:22:17:730;2.23;0.23
10;100;100;14:22:17:980;2.39;0.29
11;100;100;14:22:18:181;2.29;0.35
12;100;100;14:22:18:380;1.84;0.41
13;100;100;14:22:18:580;2.13;0.48
14;100;100;14:22:18:781;2.19;0.54
15;100;100;14:22:18:931;1.94;0.60
16;100;100;14:22:19:080;2.38;0.65
17;100;100;14:22:19:230;1.83;0.72
18;100;100;14:22:19:380;2.24;0.77
19;100;100;14:22:19:531;2.25;0.83
20;100;100;14:22:19:830;2.36;0.88
21;100;100;14:22:19:931;2.84;0.90
22;100;100;14:22:20:080;2.56;0.94
23;100;100;14:22:20:531;3.06;0.99
24;100;100;14:22:20:880;3.00;1.04
25;100;100;14:22:21:130;3.14;1.07
26;100;100;14:22:21:480;2.89;1.09
27;100;100;14:22:21:880;2.75;1.15
28;100;100;14:22:22:380;2.85;1.20
29;100;100;14:22:22:931;3.08;1.25
30;100;100;14:22:23:380;2.31;1.31
31;100;100;14:22:23:531;2.78;1.37
32;100;100;14:22:23:781;3.29;1.43

b7
B7;50.000;40.000;0.0;0.0
Index;Element;Marker;Time;Kraft Diff.;Weg
;;;;kN;mm
1;100;5000;14:41:43:456;1.56;0.00
2;100;100;14:41:45:728;1.78;0.00
3;100;100;14:41:48:728;2.10;0.00
4;100;100;14:41:50:578;2.01;0.05
5;100;100;14:41:51:328;2.18;0.11
6;100;100;14:41:51:778;2.01;0.16
7;100;100;14:41:51:878;1.87;0.18
8;100;100;14:41:52:078;2.07;0.21
9;100;100;14:41:52:428;2.09;0.27
10;100;100;14:41:52:678;2.26;0.32
11;100;100;14:41:52:878;2.13;0.37
12;100;100;14:41:53:128;1.89;0.43
13;100;100;14:41:53:378;2.02;0.49
14;100;100;14:41:53:528;2.02;0.55
15;100;100;14:41:53:728;2.05;0.60
16;100;100;14:41:53:928;2.22;0.67
17;100;100;14:41:54:128;1.91;0.75
18;100;100;14:41:54:328;2.26;0.81
19;100;100;14:41:54:478;1.81;0.87
20;100;100;14:41:54:628;2.04;0.93
21;100;100;14:41:54:778;2.03;0.99
22;100;100;14:41:54:978;2.30;1.06
23;100;100;14:41:55:128;2.31;1.11
24;100;100;14:41:55:378;2.48;1.17
25;100;100;14:41:55:578;2.80;1.22
26;100;100;14:41:55:778;2.63;1.26
27;100;100;14:41:55:978;2.78;1.28
28;100;100;14:41:56:228;3.02;1.32
29;100;100;14:41:56:278;2.84;1.33
30;100;100;14:41:56:778;2.84;1.38
31;100;100;14:41:57:128;2.40;1.44
32;100;100;14:41:57:278;2.46;1.50
33;100;100;14:41:57:428;2.29;1.56
34;100;100;14:41:57:578;2.58;1.62
35;100;100;14:41:57:778;2.54;1.69
36;100;100;14:41:57:928;2.67;1.75
37;100;5001;14:41:58:078;3.01;1.78

b8
B8;50.000;40.000;0.0;0.0
Index;Element;Marker;Time;Kraft Diff.;Weg
;;;;kN;mm
1;100;5000;14:47:30:418;1.81;0.00
2;100;100;14:47:32:662;1.98;0.00
3;100;100;14:47:34:962;2.24;0.05
4;100;100;14:47:35:662;2.13;0.11
5;100;100;14:47:35:762;2.00;0.12
6;100;100;14:47:36:112;1.91;0.16
7;100;100;14:47:36:412;1.91;0.21
8;100;100;14:47:36:762;1.84;0.27
9;100;100;14:47:37:012;2.11;0.33
10;100;100;14:47:37:262;2.18;0.38
11;100;100;14:47:37:462;1.91;0.44
12;100;100;14:47:37:662;2.16;0.49
13;100;100;14:47:37:812;1.78;0.55
14;100;100;14:47:38:012;2.01;0.61
15;100;100;14:47:38:162;1.92;0.66
16;100;100;14:47:38:362;2.10;0.73
17;100;100;14:47:38:512;2.10;0.78
18;100;100;14:47:38:712;2.11;0.85
19;100;100;14:47:38:862;2.01;0.91
20;100;100;14:47:39:012;2.08;0.96
21;100;100;14:47:39:162;2.22;1.02
22;100;100;14:47:39:362;2.18;1.08
23;100;100;14:47:39:512;2.41;1.14
24;100;100;14:47:39:662;2.44;1.17
25;100;100;14:47:39:762;2.45;1.19
26;100;100;14:47:39:962;2.65;1.25
27;100;100;14:47:40:312;2.65;1.30
28;100;100;14:47:40:612;2.90;1.35
29;100;100;14:47:40:862;3.07;1.39
30;100;100;14:47:41:012;2.72;1.40
31;100;100;14:47:41:562;3.07;1.45
32;100;100;14:47:41:762;2.61;1.52
33;100;100;14:47:43:062;3.08;1.56

b9
B9;50.000;40.000;0.0;0.0
Index;Element;Marker;Time;Kraft Diff.;Weg
;;;;kN;mm
1;100;5000;15:04:19:852;1.05;0.00
2;100;100;15:04:21:493;1.42;0.00
3;100;100;15:04:22:193;1.45;0.00
4;100;100;15:04:25:193;1.69;0.00
5;100;100;15:04:28:193;1.96;0.00
6;100;100;15:04:31:193;2.10;0.04
7;100;100;15:04:31:293;1.94;0.05
8;100;100;15:04:31:743;2.05;0.11
9;100;100;15:04:32:193;2.10;0.16
10;100;100;15:04:32:443;2.04;0.21
11;100;100;15:04:32:743;2.13;0.27
12;100;100;15:04:33:043;1.96;0.33
13;100;100;15:04:33:243;1.97;0.38
14;100;100;15:04:33:443;2.12;0.44
15;100;100;15:04:33:643;1.97;0.50
16;100;100;15:04:33:843;2.22;0.56
17;100;100;15:04:33:993;1.89;0.62
18;100;100;15:04:34:193;2.12;0.68
19;100;100;15:04:34:343;1.89;0.74
20;100;100;15:04:34:543;2.03;0.81
21;100;100;15:04:34:693;2.09;0.87
22;100;100;15:04:34:843;2.29;0.92
23;100;100;15:04:34:993;1.91;0.98
24;100;100;15:04:35:043;2.19;0.99
25;100;100;15:04:35:193;2.51;1.04
26;100;100;15:04:35:393;2.50;1.09
27;100;100;15:04:35:793;2.89;1.14
28;100;100;15:04:36:093;2.81;1.20
29;100;100;15:04:36:743;2.93;1.25
30;100;100;15:04:37:343;2.76;1.30
31;100;100;15:04:38:293;3.07;1.35
32;100;100;15:04:38:393;2.85;1.36
33;100;100;15:04:38:893;3.27;1.40
34;100;100;15:04:39:643;3.20;1.45
35;100;100;15:04:40:243;2.87;1.52
36;100;100;15:04:40:593;3.57;1.57

b10
B10;50.000;40.000;0.0;0.0
Index;Element;Marker;Time;Kraft Diff.;Weg
;;;;kN;mm
1;100;5000;15:12:26:804;1.52;0.00
2;100;100;15:12:28:703;1.43;0.00
3;100;100;15:12:31:703;1.62;0.00
4;100;100;15:12:34:703;1.87;0.00
5;100;100;15:12:36:354;2.18;0.05
6;100;100;15:12:36:953;1.89;0.10
7;100;100;15:12:37:453;2.09;0.16
8;100;100;15:12:37:703;1.89;0.21
9;100;100;15:12:37:904;2.16;0.25
10;100;100;15:12:37:953;2.17;0.26
11;100;100;15:12:38:254;2.10;0.32
12;100;100;15:12:38:453;1.84;0.37
13;100;100;15:12:38:654;2.19;0.43
14;100;100;15:12:38:854;2.02;0.49
15;100;100;15:12:39:054;2.18;0.55
16;100;100;15:12:39:254;1.98;0.61
17;100;100;15:12:39:404;2.10;0.67
18;100;100;15:12:39:604;1.88;0.73
19;100;100;15:12:39:754;2.27;0.79
20;100;100;15:12:39:953;2.15;0.85
21;100;100;15:12:40:154;2.53;0.90
22;100;100;15:12:40:453;2.61;0.96
23;100;100;15:12:40:703;2.57;1.01
24;100;100;15:12:41:054;2.50;1.06
25;100;100;15:12:41:453;2.65;1.11
26;100;100;15:12:41:554;2.97;1.13
27;100;100;15:12:41:754;2.16;1.17
28;100;100;15:12:41:804;2.04;1.18
29;100;100;15:12:41:904;2.18;1.24
30;100;100;15:12:42:054;2.31;1.31
31;100;100;15:12:42:203;2.40;1.36

b12
B12;50.000;40.000;0.0;0.0
Index;Element;Marker;Time;Kraft Diff.;Weg
;;;;kN;mm
1;100;5000;15:27:24:658;1.66;0.00
2;100;100;15:27:25:201;1.94;0.00
3;100;100;15:27:25:801;1.90;0.00
4;100;100;15:27:26:401;1.78;0.00
5;100;100;15:27:27:001;1.87;0.00
6;100;100;15:27:27:601;2.04;0.00
7;100;100;15:27:28:201;2.07;0.00
8;100;100;15:27:28:801;1.96;0.01
9;100;100;15:27:29:401;2.08;0.02
10;100;100;15:27:30:001;2.26;0.05
11;100;100;15:27:30:111;2.01;0.05
12;100;100;15:27:30:551;2.03;0.10
13;100;100;15:27:30:621;2.33;0.11
14;100;100;15:27:30:981;2.17;0.15
15;100;100;15:27:31:231;1.96;0.20
16;100;100;15:27:31:241;2.05;0.21
17;100;100;15:27:31:531;1.89;0.26
18;100;100;15:27:31:731;2.15;0.31
19;100;100;15:27:31:861;1.90;0.32
20;100;100;15:27:31:991;2.05;0.36
21;100;100;15:27:32:191;1.73;0.41
22;100;100;15:27:32:371;2.17;0.46
23;100;100;15:27:32:491;2.01;0.49
24;100;100;15:27:32:531;1.78;0.51
25;100;100;15:27:32:701;2.15;0.56
26;100;100;15:27:32:851;1.80;0.62
27;100;100;15:27:32:991;2.09;0.67
28;100;100;15:27:33:131;2.04;0.71
29;100;100;15:27:33:151;1.97;0.72
30;100;100;15:27:33:291;2.04;0.77
31;100;100;15:27:33:411;2.01;0.83
32;100;100;15:27:33:561;2.09;0.88
33;100;100;15:27:33:711;2.45;0.93
34;100;100;15:27:33:781;2.15;0.96
35;100;100;15:27:33:851;2.24;0.98
36;100;100;15:27:34:061;2.59;1.03
37;100;100;15:27:34:261;2.45;1.09
38;100;100;15:27:34:411;2.74;1.11
39;100;100;15:27:34:611;2.69;1.14
40;100;100;15:27:34:901;2.74;1.19
41;100;100;15:27:35:011;2.96;1.20
42;100;100;15:27:35:041;3.01;1.21
43;100;100;15:27:35:351;2.99;1.24
44;100;100;15:27:35:651;2.85;1.26
45;100;100;15:27:35:781;2.39;1.29
46;100;100;15:27:35:901;1.98;1.34
47;100;100;15:27:36:041;2.48;1.40
48;100;100;15:27:36:171;2.51;1.45

x
x;50.000;40.000;0.0;0.0
Index;Element;Marker;Time;Kraft Diff.;Weg
;;;;kN;mm

