FineGrainedBlock
1;2015-10-05;13:41:35;;;0;01:33:00;
30;1;20
0.0;0.0

a1
A1_0p25kNs;sa1;50.000;40.000;0.0;0.0
Index;Element;Marker;Time;Kraft Diff.;Weg
;;;;kN;mm
1;100;5000;13:59:29:208;2.18;0.00
2;100;100;13:59:29:493;2.09;0.00
3;100;100;13:59:30:093;2.23;0.01
4;100;100;13:59:30:693;2.32;0.02
5;100;100;13:59:31:203;2.44;0.04
6;100;100;13:59:31:303;2.41;0.05
7;100;100;13:59:31:903;2.69;0.08
8;100;100;13:59:32:013;2.57;0.09
9;100;100;13:59:32:513;2.57;0.14
10;100;100;13:59:32:613;2.69;0.14
11;100;100;13:59:32:663;2.86;0.15
12;100;100;13:59:33:133;2.76;0.17
13;100;100;13:59:33:443;2.86;0.19
14;100;100;13:59:33:743;3.16;0.22
15;100;100;13:59:34:133;3.00;0.25
16;100;100;13:59:34:353;3.10;0.26
17;100;100;13:59:34:623;2.44;0.30
18;100;100;13:59:34:733;2.53;0.35
19;100;100;13:59:34:833;2.39;0.40
20;100;100;13:59:34:933;2.50;0.46
21;100;100;13:59:34:993;2.47;0.48
22;100;100;13:59:35:053;2.40;0.51
23;100;100;13:59:35:133;2.46;0.57
24;100;100;13:59:35:273;2.81;0.62
25;100;100;13:59:35:343;2.73;0.67

x
x;0.000;0.000;0.0;0.0
Index;Element;Marker;Time;Kraft Diff.;Weg
;;;;kN;mm
