baerlock
1;2015-10-05;13:41:35;;;0;01:33:00;
30;1;20
0.0;0.0

2o
2o;50.000;40.000;0.0;0.0
Index;Element;Marker;Time;Kraft Diff.;Weg
;;;;kN;mm
1;100;5000;10:10:10:338;2.02;0.00
2;100;100;10:10:10:524;2.26;0.01
3;100;100;10:10:10:674;2.12;0.01
4;100;100;10:10:11:134;1.98;0.05
5;100;100;10:10:11:214;1.89;0.07
6;100;100;10:10:11:384;2.10;0.12
7;100;100;10:10:11:534;1.95;0.17
8;100;100;10:10:11:724;2.02;0.22
9;100;100;10:10:11:774;1.94;0.24
10;100;100;10:10:11:844;1.95;0.27
11;100;100;10:10:11:974;2.32;0.32
12;100;100;10:10:12:104;1.84;0.38
13;100;100;10:10:12:184;2.11;0.43
14;100;100;10:10:12:274;2.05;0.48
15;100;100;10:10:12:384;1.96;0.54
16;100;100;10:10:12:434;2.02;0.56
17;100;100;10:10:12:484;2.24;0.59
18;100;100;10:10:12:584;2.02;0.64
19;100;100;10:10:12:664;2.01;0.70
20;100;100;10:10:12:774;2.93;0.75
21;100;100;10:10:12:784;3.07;0.75
22;100;100;10:10:13:084;3.61;0.80
23;100;100;10:10:13:144;3.44;0.80
24;100;100;10:10:13:694;3.93;0.81
25;100;100;10:10:14:294;4.08;0.82
26;100;100;10:10:14:774;4.50;0.83
27;100;100;10:10:14:904;4.14;0.83
28;100;100;10:10:15:504;4.51;0.84
29;100;100;10:10:16:104;4.91;0.84
30;100;100;10:10:16:304;4.95;0.85
31;100;100;10:10:16:714;5.20;0.86
32;100;100;10:10:17:314;5.55;0.87
33;100;100;10:10:17:884;5.91;0.88
34;100;100;10:10:17:924;6.01;0.89
35;100;100;10:10:18:524;6.13;0.89
36;100;100;10:10:18:704;6.14;0.90
37;100;100;10:10:19:134;6.30;0.91
38;100;100;10:10:19:734;6.64;0.91
39;100;100;10:10:20:334;6.84;0.92
40;100;100;10:10:20:724;7.33;0.92
41;100;100;10:10:20:944;7.16;0.92
42;100;100;10:10:21:544;7.57;0.93
43;100;100;10:10:22:144;7.99;0.95
44;100;100;10:10:22:264;7.82;0.95
45;100;100;10:10:22:754;8.28;0.96
46;100;100;10:10:23:354;8.56;0.97
47;100;100;10:10:23:564;8.77;0.98
48;100;100;10:10:23:964;8.69;0.98
49;100;100;10:10:24:564;8.82;0.99
50;100;100;10:10:25:164;9.20;0.99
51;100;100;10:10:25:764;9.56;1.00
52;100;100;10:10:25:864;9.88;1.00
53;100;100;10:10:26:374;9.99;1.01
54;100;100;10:10:26:484;10.20;1.01
55;100;100;10:10:26:984;10.36;1.02
56;100;100;10:10:27:584;10.76;1.03
57;100;100;10:10:28:184;11.07;1.04
58;100;100;10:10:28:784;11.28;1.05
59;100;100;10:10:29:064;11.44;1.05
60;100;100;10:10:29:284;11.61;1.05
61;100;100;10:10:29:404;11.55;1.05
62;100;100;10:10:30:004;11.65;1.06
63;100;100;10:10:30:554;8.28;1.07
64;100;100;10:10:30:594;9.73;1.11
65;100;100;10:10:30:624;9.53;1.13
66;100;100;10:10:30:664;10.28;1.17
67;100;100;10:10:30:704;11.21;1.19
68;100;100;10:10:30:734;11.71;1.22

x
x;0.000;0.000;0.0;0.0
Index;Element;Marker;Time;Kraft Diff.;Weg
;;;;kN;mm
