baerlock
1;2015-10-05;13:41:35;;;0;01:33:00;
30;1;20
0.0;0.0

1p
1p_0_0;50.000;40.000;0.0;0.0
Index;Element;Marker;Time;Kraft Diff.;Weg
;;;;kN;mm
1;100;5000;10:23:32:007;2.85;0.00
2;100;100;10:23:32:533;3.05;0.00
3;100;100;10:23:33:133;3.17;0.00
4;100;100;10:23:33:583;3.49;0.02
5;100;100;10:23:33:743;3.37;0.02
6;100;100;10:23:34:343;3.69;0.04
7;100;100;10:23:34:943;4.13;0.05
8;100;100;10:23:35:513;4.55;0.06
9;100;100;10:23:35:523;4.39;0.07
10;100;100;10:23:35:563;4.40;0.07
11;100;100;10:23:36:163;4.74;0.09
12;100;100;10:23:36:763;4.96;0.11
13;100;100;10:23:36:963;5.01;0.12
14;100;100;10:23:37:373;5.09;0.13
15;100;100;10:23:37:973;5.44;0.14
16;100;100;10:23:38:483;6.03;0.15
17;100;100;10:23:38:583;5.79;0.15
18;100;100;10:23:39:113;6.21;0.17
19;100;100;10:23:39:193;6.23;0.17
20;100;100;10:23:39:793;6.60;0.19
21;100;100;10:23:40:393;6.73;0.20
22;100;100;10:23:40:993;6.92;0.21
23;100;100;10:23:41:053;7.08;0.22
24;100;100;10:23:41:433;7.44;0.22
25;100;100;10:23:41:613;7.26;0.23
26;100;100;10:23:42:213;7.64;0.25
27;100;100;10:23:42:813;8.06;0.27
28;100;100;10:23:42:923;7.83;0.27
29;100;100;10:23:43:423;8.42;0.27
30;100;100;10:23:44:023;8.51;0.28
31;100;100;10:23:44:153;8.88;0.28
32;100;100;10:23:44:633;8.80;0.29
33;100;100;10:23:45:233;9.18;0.30
34;100;100;10:23:45:833;9.57;0.31
35;100;100;10:23:46:023;9.56;0.32
36;100;100;10:23:46:443;9.94;0.33
37;100;100;10:23:46:753;6.57;0.35
38;100;100;10:23:46:793;7.94;0.37
39;100;100;10:23:46:803;8.15;0.38
40;100;100;10:23:46:853;8.46;0.43
41;100;100;10:23:46:933;9.58;0.48
42;100;100;10:23:47:093;10.34;0.50

x
x;0.000;0.000;0.0;0.0
Index;Element;Marker;Time;Kraft Diff.;Weg
;;;;kN;mm
