buchs
1;2015-10-05;13:41:35;;;0;01:33:00;
30;1;20
0.0;0.0

2p
2p_0_25;50.000;40.000;0.0;0.0
Index;Element;Marker;Time;Kraft Diff.;Weg
;;;;kN;mm
1;100;5000;12:14:46:329;1.23;0.00
2;100;100;12:14:46:934;1.34;0.00
3;100;100;12:14:47:534;1.39;0.00
4;100;100;12:14:48:134;1.26;0.00
5;100;100;12:14:48:734;1.52;0.00
6;100;100;12:14:49:334;1.59;0.00
7;100;100;12:14:49:934;1.54;0.00
8;100;100;12:14:50:534;1.78;0.00
9;100;100;12:14:51:134;1.70;0.00
10;100;100;12:14:51:734;1.57;0.00
11;100;100;12:14:52:334;1.84;0.00
12;100;100;12:14:52:934;1.84;0.00
13;100;100;12:14:53:534;1.98;0.00
14;100;100;12:14:54:134;2.01;0.00
15;100;100;12:14:54:734;1.78;0.01
16;100;100;12:14:55:314;2.12;0.05
17;100;100;12:14:55:344;2.04;0.05
18;100;100;12:14:55:944;2.09;0.09
19;100;100;12:14:56:024;2.19;0.10
20;100;100;12:14:56:394;2.09;0.15
21;100;100;12:14:56:564;1.98;0.17
22;100;100;12:14:56:714;2.10;0.20
23;100;100;12:14:57:094;2.10;0.25
24;100;100;12:14:57:184;2.05;0.27
25;100;100;12:14:57:424;2.15;0.30
26;100;100;12:14:57:764;2.17;0.35
27;100;100;12:14:57:804;2.27;0.36
28;100;100;12:14:57:984;2.02;0.40
29;100;100;12:14:58:234;2.22;0.46
30;100;100;12:14:58:404;2.05;0.51
31;100;100;12:14:58:434;2.13;0.51
32;100;100;12:14:58:624;2.08;0.56
33;100;100;12:14:58:774;2.03;0.61
34;100;100;12:14:58:974;2.01;0.66
35;100;100;12:14:59:064;1.86;0.69
36;100;100;12:14:59:134;2.12;0.71
37;100;100;12:14:59:274;2.07;0.76
38;100;100;12:14:59:434;1.88;0.81
39;100;100;12:14:59:584;2.12;0.86
40;100;100;12:14:59:704;2.07;0.91
41;100;100;12:14:59:714;1.91;0.91
42;100;100;12:14:59:824;2.00;0.96
43;100;100;12:14:59:984;2.27;1.01
44;100;100;12:15:00:094;1.89;1.07
45;100;100;12:15:00:224;2.09;1.12
46;100;100;12:15:00:354;2.29;1.17
47;100;100;12:15:00:364;2.11;1.17
48;100;100;12:15:00:484;1.82;1.22
49;100;100;12:15:00:584;2.24;1.27
50;100;100;12:15:00:724;2.32;1.33
51;100;100;12:15:00:844;2.20;1.38
52;100;100;12:15:01:004;2.39;1.43
53;100;100;12:15:01:014;2.41;1.44
54;100;100;12:15:01:124;2.27;1.49
55;100;100;12:15:01:244;2.11;1.54
56;100;100;12:15:01:374;2.57;1.59
57;100;100;12:15:01:484;2.44;1.64

x
x;0.000;0.000;0.0;0.0
Index;Element;Marker;Time;Kraft Diff.;Weg
;;;;kN;mm
