buchs
1;2015-10-05;13:41:35;;;0;01:33:00;
30;1;20
0.0;0.0

4p
4p_20_20;50.000;40.000;0.0;0.0
Index;Element;Marker;Time;Kraft Diff.;Weg
;;;;kN;mm
1;100;5000;11:33:03:475;1.42;0.00
2;100;100;11:33:04:038;1.52;0.00
3;100;100;11:33:04:638;1.50;0.00
4;100;100;11:33:05:238;1.77;0.00
5;100;100;11:33:05:838;1.67;0.00
6;100;100;11:33:06:438;1.94;0.00
7;100;100;11:33:07:038;1.76;0.00
8;100;100;11:33:07:638;1.90;0.00
9;100;100;11:33:08:238;2.04;0.00
10;100;100;11:33:08:838;1.83;0.01
11;100;100;11:33:09:438;2.03;0.02
12;100;100;11:33:09:708;1.89;0.05
13;100;100;11:33:10:048;1.83;0.08
14;100;100;11:33:10:198;2.00;0.10
15;100;100;11:33:10:578;2.05;0.15
16;100;100;11:33:10:668;2.01;0.17
17;100;100;11:33:10:828;1.84;0.20
18;100;100;11:33:11:108;1.86;0.25
19;100;100;11:33:11:288;2.00;0.29
20;100;100;11:33:11:328;1.91;0.30
21;100;100;11:33:11:488;1.82;0.36
22;100;100;11:33:11:718;2.01;0.41
23;100;100;11:33:11:888;1.87;0.46
24;100;100;11:33:11:928;1.86;0.47
25;100;100;11:33:12:108;2.12;0.51
26;100;100;11:33:12:278;2.01;0.56
27;100;100;11:33:12:458;2.11;0.61
28;100;100;11:33:12:558;2.05;0.65
29;100;100;11:33:12:628;1.97;0.66
30;100;100;11:33:12:788;2.17;0.71
31;100;100;11:33:12:958;2.10;0.76
32;100;100;11:33:13:118;1.97;0.82
33;100;100;11:33:13:198;2.12;0.84
34;100;100;11:33:13:288;2.02;0.87
35;100;100;11:33:13:408;1.96;0.93
36;100;100;11:33:13:558;2.13;0.98
37;100;100;11:33:13:668;2.04;1.03
38;100;100;11:33:13:798;1.86;1.08
39;100;100;11:33:13:848;1.87;1.11
40;100;100;11:33:13:958;2.15;1.14
41;100;100;11:33:14:068;2.15;1.19
42;100;100;11:33:14:168;1.92;1.24
43;100;100;11:33:14:318;2.23;1.30
44;100;100;11:33:14:438;2.08;1.35
45;100;100;11:33:14:498;2.04;1.38
46;100;100;11:33:14:538;2.02;1.40
47;100;100;11:33:14:638;2.10;1.45
48;100;100;11:33:14:768;2.29;1.51
49;100;100;11:33:14:858;2.03;1.56
50;100;100;11:33:14:968;2.24;1.61
51;100;100;11:33:15:078;2.31;1.66
52;100;100;11:33:15:158;2.23;1.69
53;100;100;11:33:15:198;2.31;1.71
54;100;100;11:33:15:288;2.03;1.76
55;100;100;11:33:15:408;2.23;1.81
56;100;100;11:33:15:498;2.31;1.86
57;100;100;11:33:15:608;2.13;1.91
58;100;100;11:33:15:728;2.31;1.97
59;100;100;11:33:15:808;2.37;2.02
60;100;100;11:33:15:828;2.41;2.02

x
x;0.000;0.000;0.0;0.0
Index;Element;Marker;Time;Kraft Diff.;Weg
;;;;kN;mm
