massongex
1;2015-10-05;13:41:35;;;0;01:33:00;
30;1;20
0.0;0.0

20p
20p_90_30;50.000;40.000;0.0;0.0
Index;Element;Marker;Time;Kraft Diff.;Weg
;;;;kN;mm
1;100;5000;14:38:48:790;10.26;0.00
2;100;100;14:38:49:769;11.27;0.00
3;100;100;14:38:50:490;12.06;0.00
4;100;100;14:38:52:050;13.55;0.01
5;100;100;14:38:52:250;13.45;0.01
6;100;100;14:38:53:490;15.04;0.02
7;100;100;14:38:54:690;15.94;0.03
8;100;100;14:38:55:050;16.61;0.03
9;100;100;14:38:56:490;18.08;0.03
10;100;100;14:38:57:170;18.51;0.04
11;100;100;14:38:58:050;19.67;0.04
12;100;100;14:38:59:490;21.09;0.04
13;100;100;14:38:59:650;20.73;0.04
14;100;100;14:39:00:850;22.03;0.05
15;100;100;14:39:00:970;22.59;0.05
16;100;100;14:39:02:130;24.02;0.06
17;100;100;14:39:02:170;23.59;0.06
18;100;100;14:39:03:890;25.51;0.07
19;100;100;14:39:04:609;25.29;0.07
20;100;100;14:39:05:010;27.09;0.08
21;100;100;14:39:05:290;25.65;0.08
22;100;100;14:39:05:609;27.37;0.08
23;100;100;14:39:06:810;28.82;0.09
24;100;100;14:39:07:130;27.40;0.09
25;100;100;14:39:07:210;27.56;0.09
26;100;100;14:39:07:370;29.45;0.09
27;100;100;14:39:07:690;27.95;0.09
28;100;100;14:39:07:890;29.41;0.09
29;100;100;14:39:08:530;30.90;0.10
30;100;100;14:39:08:850;28.96;0.10
31;100;100;14:39:09:050;30.80;0.10
32;100;100;14:39:09:769;32.46;0.11
33;100;100;14:39:09:890;31.67;0.10
34;100;100;14:39:09:970;30.60;0.11
35;100;100;14:39:10:290;32.22;0.11
36;100;100;14:39:10:690;30.61;0.11
37;100;100;14:39:10:850;32.11;0.11
38;100;100;14:39:10:970;33.77;0.11
39;100;100;14:39:11:290;31.72;0.11
40;100;100;14:39:11:570;33.24;0.11
41;100;100;14:39:12:290;34.85;0.12
42;100;100;14:39:12:609;33.72;0.12
43;100;100;14:39:12:650;32.92;0.12
44;100;100;14:39:12:930;34.51;0.12
45;100;100;14:39:13:050;35.98;0.12
46;100;100;14:39:13:410;34.42;0.12
47;100;100;14:39:13:850;36.00;0.12
48;100;100;14:39:14:330;34.32;0.13
49;100;100;14:39:14:650;36.06;0.13
50;100;100;14:39:14:850;37.68;0.13
51;100;100;14:39:15:330;37.76;0.13
52;100;100;14:39:15:769;35.91;0.13
53;100;100;14:39:16:690;37.32;0.14
54;100;100;14:39:16:970;39.24;0.14
55;100;100;14:39:17:850;39.79;0.14
56;100;100;14:39:18:570;37.78;0.14
57;100;100;14:39:18:890;39.24;0.15
58;100;100;14:39:19:090;40.75;0.15
59;100;100;14:39:19:290;42.22;0.15
60;100;100;14:39:19:769;42.84;0.15
61;100;100;14:39:20:330;40.40;0.15
62;100;100;14:39:20:490;40.30;0.15
63;100;100;14:39:21:170;42.47;0.16
64;100;100;14:39:21:370;43.90;0.16
65;100;100;14:39:22:570;42.23;0.16
66;100;100;14:39:23:010;42.54;0.16
67;100;100;14:39:23:250;43.66;0.17
68;100;100;14:39:23:410;45.10;0.17
69;100;510;14:39:23:570;46.35;0.17
70;100;100;14:39:23:609;38.65;0.18

x
x;0.000;0.000;0.0;0.0
Index;Element;Marker;Time;Kraft Diff.;Weg
;;;;kN;mm
