artificial coarse g25
1;2015-10-05;13:41:35;;;0;01:33:00;
30;1;20
0.0;0.0

b11
B11;50.000;40.000;0.0;0.0
Index;Element;Marker;Time;Kraft Diff.;Weg
;;;;kN;mm
1;100;5000;15:19:11:741;1.27;0.00
2;100;100;15:19:13:941;1.68;0.00
3;100;100;15:19:16:941;1.80;0.00
4;100;100;15:19:19:941;2.16;0.01
5;100;100;15:19:20:841;2.11;0.06
6;100;100;15:19:21:241;2.25;0.11
7;100;100;15:19:21:640;2.17;0.17
8;100;100;15:19:22:040;2.26;0.23
9;100;100;15:19:22:290;2.24;0.28
10;100;100;15:19:22:491;1.98;0.33
11;100;100;15:19:22:691;2.23;0.38
12;100;100;15:19:22:890;2.01;0.44
13;100;100;15:19:23:091;2.20;0.50
14;100;100;15:19:23:290;2.17;0.56
15;100;100;15:19:23:441;2.07;0.60
16;100;100;15:19:23:491;2.03;0.62
17;100;100;15:19:23:691;2.25;0.69
18;100;100;15:19:23:890;1.91;0.75
19;100;100;15:19:24:040;2.10;0.81
20;100;100;15:19:24:191;2.05;0.87
21;100;100;15:19:24:341;2.32;0.93
22;100;100;15:19:24:540;2.26;0.99
23;100;100;15:19:24:790;2.72;1.05
24;100;100;15:19:24:991;2.52;1.11
25;100;100;15:19:25:290;2.58;1.16
26;100;100;15:19:25:441;2.99;1.19
27;100;100;15:19:25:591;2.75;1.21
28;100;100;15:19:26:491;3.21;1.26
29;100;100;15:19:27:091;3.03;1.27
30;100;100;15:19:30:091;3.46;1.29
31;100;100;15:19:33:091;3.42;1.30
32;100;100;15:19:36:091;3.83;1.31
33;100;100;15:19:36:191;3.94;1.31
34;100;100;15:19:39:140;3.91;1.32
35;100;100;15:19:39:991;4.41;1.32
36;100;100;15:19:42:191;4.49;1.33
37;100;100;15:19:45:191;4.69;1.35
38;100;100;15:19:48:191;4.86;1.36
39;100;100;15:19:49:591;4.97;1.36
40;100;100;15:19:51:241;5.36;1.37
41;100;100;15:19:54:241;5.49;1.38
42;100;100;15:19:54:341;5.89;1.38
43;100;100;15:19:57:140;1.53;1.39
44;100;100;15:19:57:191;3.09;1.43
45;100;100;15:19:57:290;3.76;1.51
46;100;100;15:19:57:390;4.27;1.60
47;100;100;15:19:57:441;4.78;1.63
48;100;100;15:19:57:491;5.19;1.68
49;100;100;15:19:57:591;5.55;1.72
50;100;100;15:19:57:640;5.45;1.74

x
x;0.000;0.000;0.0;0.0
Index;Element;Marker;Time;Kraft Diff.;Weg
;;;;kN;mm
