massongex
1;2015-10-05;13:41:35;;;0;01:33:00;
30;1;20
0.0;0.0

15p
15p_0_5_2;50.000;40.000;0.0;0.0
Index;Element;Marker;Time;Kraft Diff.;Weg
;;;;kN;mm
1;100;5000;13:52:54:125;1.46;0.00
2;100;100;13:52:55:405;2.17;0.06
3;100;100;13:52:55:685;2.20;0.12
4;100;100;13:52:55:806;2.13;0.17
5;100;100;13:52:55:925;1.83;0.24
6;100;100;13:52:55:966;1.77;0.25
7;100;100;13:52:56:046;2.08;0.30
8;100;100;13:52:56:165;2.11;0.37
9;100;100;13:52:56:286;1.82;0.45
10;100;100;13:52:56:365;1.91;0.51
11;100;100;13:52:56:445;2.18;0.57
12;100;100;13:52:56:525;2.05;0.63
13;100;100;13:52:56:605;1.82;0.68
14;100;100;13:52:56:685;1.81;0.75
15;100;100;13:52:56:765;2.08;0.81
16;100;100;13:52:56:845;2.18;0.88
17;100;100;13:52:56:925;2.44;0.96
18;100;100;13:52:56:966;3.31;0.97
19;100;100;13:52:57:365;4.74;0.99
20;100;100;13:52:58:165;5.58;1.01
21;100;100;13:52:58:845;6.19;1.02
22;100;100;13:52:58:966;6.18;1.03
23;100;100;13:52:59:806;6.95;1.06
24;100;100;13:53:00:325;7.62;1.07
25;100;100;13:53:01:445;8.41;1.08
26;100;100;13:53:01:966;9.15;1.09
27;100;100;13:53:03:445;10.66;1.10
28;100;100;13:53:03:886;10.89;1.11
29;100;100;13:53:03:966;10.84;1.11
30;100;100;13:53:05:085;12.19;1.11
31;100;100;13:53:06:405;13.21;1.12
32;100;100;13:53:06:525;13.82;1.12
33;100;100;13:53:07:886;15.28;1.13
34;100;100;13:53:08:886;16.03;1.14
35;100;100;13:53:09:525;16.79;1.14
36;100;100;13:53:11:206;18.29;1.15
37;100;100;13:53:11:366;18.70;1.15
38;100;100;13:53:11:886;18.88;1.16
39;100;100;13:53:12:646;19.99;1.16
40;100;100;13:53:13:845;20.49;1.17
41;100;100;13:53:14:005;21.51;1.18
42;100;100;13:53:15:646;23.12;1.18
43;100;100;13:53:16:325;23.82;1.19
44;100;100;13:53:17:366;24.57;1.20
45;100;100;13:53:18:765;25.89;1.20
46;100;100;13:53:18:966;26.16;1.20
47;100;100;13:53:19:605;26.83;1.21
48;100;100;13:53:20:325;27.82;1.21
49;100;100;13:53:21:286;28.86;1.22
50;100;100;13:53:21:685;29.28;1.22
51;100;100;13:53:22:325;30.83;1.23
52;100;100;13:53:22:726;29.42;1.23
53;100;100;13:53:23:245;30.86;1.23
54;100;100;13:53:23:605;32.29;1.24
55;100;100;13:53:23:886;31.52;1.24
56;100;100;13:53:24:046;30.82;1.24
57;100;100;13:53:24:966;32.27;1.24
58;100;100;13:53:25:245;33.79;1.25
59;100;100;13:53:25:765;32.15;1.25
60;100;100;13:53:26:445;33.60;1.26
61;100;100;13:53:26:485;33.45;1.26
62;100;100;13:53:26:605;34.90;1.26
63;100;100;13:53:26:646;35.02;1.26
64;100;100;13:53:27:445;33.53;1.26
65;100;100;13:53:27:925;35.13;1.26
66;100;100;13:53:28:126;36.58;1.27
67;100;100;13:53:28:525;35.08;1.27
68;100;100;13:53:29:126;36.46;1.27
69;100;100;13:53:29:165;36.96;1.27
70;100;100;13:53:29:566;38.40;1.28
71;100;100;13:53:30:085;36.76;1.27
72;100;100;13:53:31:085;38.44;1.28
73;100;100;13:53:31:366;39.94;1.28
74;100;100;13:53:31:726;39.83;1.28
75;100;100;13:53:32:206;38.34;1.29
76;100;100;13:53:33:046;40.41;1.29
77;100;100;13:53:33:405;42.21;1.30
78;100;100;13:53:34:165;40.46;1.30
79;100;100;13:53:34:286;40.03;1.30
80;100;100;13:53:34:765;40.99;1.31
81;100;100;13:53:35:005;42.06;1.31
82;100;100;13:53:35:245;43.84;1.31
83;100;100;13:53:36:206;42.06;1.32
84;100;100;13:53:36:845;42.76;1.32
85;100;100;13:53:36:925;43.69;1.32
86;100;100;13:53:37:126;45.42;1.33
87;100;100;13:53:38:206;43.94;1.33
88;100;100;13:53:38:886;45.53;1.33
89;100;100;13:53:39:126;47.03;1.33
90;100;100;13:53:39:445;47.42;1.33
91;100;100;13:53:39:806;48.46;1.34
92;100;100;13:53:41:886;48.04;1.35
93;100;100;13:53:43:126;50.14;1.35
94;100;100;13:53:43:366;51.79;1.35
95;100;100;13:53:44:366;50.67;1.36
96;100;100;13:53:44:405;50.27;1.36
97;100;510;13:53:45:005;50.29;1.36
98;100;100;13:53:45:046;26.82;1.36

x
x;0.000;0.000;0.0;0.0
Index;Element;Marker;Time;Kraft Diff.;Weg
;;;;kN;mm
