baerlock
1;2015-10-05;13:41:35;;;0;01:33:00;
30;1;20
0.0;0.0

8o
8o;50.000;40.000;0.0;0.0
Index;Element;Marker;Time;Kraft Diff.;Weg
;;;;kN;mm
1;100;5000;11:14:39:339;2.16;0.00
2;100;100;11:14:39:926;2.00;0.03
3;100;100;11:14:40:196;2.13;0.05
4;100;100;11:14:40:486;2.18;0.10
5;100;100;11:14:40:546;2.05;0.11
6;100;100;11:14:40:726;2.10;0.15
7;100;100;11:14:40:866;2.23;0.20
8;100;100;11:14:41:056;2.04;0.25
9;100;100;11:14:41:146;2.12;0.31
10;100;100;11:14:41:186;2.30;0.33
11;100;100;11:14:41:266;1.92;0.36
12;100;100;11:14:41:386;2.04;0.42
13;100;100;11:14:41:506;2.20;0.47
14;100;100;11:14:41:586;2.18;0.52
15;100;100;11:14:41:676;1.90;0.58
16;100;100;11:14:41:756;2.11;0.63
17;100;100;11:14:41:836;2.26;0.68
18;100;100;11:14:41:856;2.23;0.69
19;100;100;11:14:41:926;2.12;0.73
20;100;100;11:14:41:996;2.03;0.79
21;100;100;11:14:42:086;1.98;0.84
22;100;100;11:14:42:146;2.25;0.89
23;100;100;11:14:42:236;2.79;0.94
24;100;100;11:14:42:346;3.34;1.00
25;100;100;11:14:42:386;3.48;1.00
26;100;100;11:14:42:526;3.91;1.01
27;100;100;11:14:43:126;4.00;1.04
28;100;100;11:14:43:676;4.28;1.05
29;100;100;11:14:43:736;4.24;1.05
30;100;100;11:14:44:336;4.67;1.06
31;100;100;11:14:44:596;4.91;1.06
32;100;100;11:14:44:946;5.03;1.07
33;100;100;11:14:45:546;5.11;1.08
34;100;100;11:14:46:146;5.42;1.08
35;100;100;11:14:46:746;5.82;1.09
36;100;100;11:14:47:346;5.95;1.10
37;100;100;11:14:47:416;6.19;1.10
38;100;100;11:14:47:476;6.32;1.10
39;100;100;11:14:47:966;6.15;1.10
40;100;100;11:14:48:566;6.70;1.12
41;100;100;11:14:49:166;6.93;1.13
42;100;100;11:14:49:766;7.08;1.14
43;100;100;11:14:50:086;7.29;1.15
44;100;100;11:14:50:376;7.43;1.15
45;100;100;11:14:50:606;7.78;1.15
46;100;100;11:14:50:986;7.84;1.16
47;100;100;11:14:51:586;8.02;1.16
48;100;100;11:14:52:186;8.34;1.17
49;100;100;11:14:52:786;8.75;1.18
50;100;100;11:14:53:386;9.02;1.18
51;100;100;11:14:53:716;9.20;1.19
52;100;100;11:14:53:886;9.17;1.20
53;100;100;11:14:54:006;9.20;1.20
54;100;100;11:14:54:606;9.33;1.21
55;100;100;11:14:55:206;9.92;1.21
56;100;100;11:14:55:806;10.21;1.22
57;100;100;11:14:56:266;10.63;1.22
58;100;100;11:14:56:416;10.22;1.22
59;100;100;11:14:57:016;10.65;1.23
60;100;100;11:14:57:616;11.18;1.23
61;100;100;11:14:58:216;11.35;1.24
62;100;100;11:14:58:816;11.74;1.24
63;100;100;11:14:59:066;12.05;1.24
64;100;100;11:14:59:426;11.95;1.24
65;100;100;11:14:59:626;11.91;1.25
66;100;100;11:15:00:036;12.53;1.25
67;100;100;11:15:00:636;12.35;1.26
68;100;100;11:15:00:996;8.89;1.27
69;100;100;11:15:01:026;10.18;1.30
70;100;100;11:15:01:036;10.66;1.30
71;100;100;11:15:01:106;11.18;1.36
72;100;100;11:15:01:136;12.34;1.39
73;100;100;11:15:01:186;13.07;1.41
74;100;100;11:15:01:296;12.68;1.42

x
x;0.000;0.000;0.0;0.0
Index;Element;Marker;Time;Kraft Diff.;Weg
;;;;kN;mm
