artificial coarse g25
1;2015-10-05;13:41:35;;;0;01:33:00;
30;1;20
0.0;0.0

b7
B7;50.000;40.000;0.0;0.0
Index;Element;Marker;Time;Kraft Diff.;Weg
;;;;kN;mm
1;100;5000;14:41:43:456;1.56;0.00
2;100;100;14:41:45:728;1.78;0.00
3;100;100;14:41:48:728;2.10;0.00
4;100;100;14:41:50:578;2.01;0.05
5;100;100;14:41:51:328;2.18;0.11
6;100;100;14:41:51:778;2.01;0.16
7;100;100;14:41:51:878;1.87;0.18
8;100;100;14:41:52:078;2.07;0.21
9;100;100;14:41:52:428;2.09;0.27
10;100;100;14:41:52:678;2.26;0.32
11;100;100;14:41:52:878;2.13;0.37
12;100;100;14:41:53:128;1.89;0.43
13;100;100;14:41:53:378;2.02;0.49
14;100;100;14:41:53:528;2.02;0.55
15;100;100;14:41:53:728;2.05;0.60
16;100;100;14:41:53:928;2.22;0.67
17;100;100;14:41:54:128;1.91;0.75
18;100;100;14:41:54:328;2.26;0.81
19;100;100;14:41:54:478;1.81;0.87
20;100;100;14:41:54:628;2.04;0.93
21;100;100;14:41:54:778;2.03;0.99
22;100;100;14:41:54:978;2.30;1.06
23;100;100;14:41:55:128;2.31;1.11
24;100;100;14:41:55:378;2.48;1.17
25;100;100;14:41:55:578;2.80;1.22
26;100;100;14:41:55:778;2.63;1.26
27;100;100;14:41:55:978;2.78;1.28
28;100;100;14:41:56:228;3.02;1.32
29;100;100;14:41:56:278;2.84;1.33
30;100;100;14:41:56:778;2.84;1.38
31;100;100;14:41:57:128;2.40;1.44
32;100;100;14:41:57:278;2.46;1.50
33;100;100;14:41:57:428;2.29;1.56
34;100;100;14:41:57:578;2.58;1.62
35;100;100;14:41:57:778;2.54;1.69
36;100;100;14:41:57:928;2.67;1.75
37;100;5001;14:41:58:078;3.01;1.78

x
x;0.000;0.000;0.0;0.0
Index;Element;Marker;Time;Kraft Diff.;Weg
;;;;kN;mm
