FineGrainedBlock
1;2015-10-05;13:41:35;;;0;01:33:00;
30;1;20
0.0;0.0

a4
A4_0p1kNs;50.000;40.000;0.0;0.0
Index;Element;Marker;Time;Kraft Diff.;Weg
;;;;kN;mm
1;100;5000;14:28:50:496;1.62;0.00
2;100;100;14:28:50:660;1.53;0.00
3;100;100;14:28:50:960;1.68;0.00
4;100;100;14:28:51:260;1.69;0.00
5;100;100;14:28:51:560;1.77;0.00
6;100;100;14:28:51:860;1.72;0.00
7;100;100;14:28:52:160;1.75;0.00
8;100;100;14:28:52:460;1.76;0.00
9;100;100;14:28:52:760;1.74;0.00
10;100;100;14:28:53:060;1.94;0.00
11;100;100;14:28:53:360;1.96;0.00
12;100;100;14:28:53:660;1.91;0.00
13;100;100;14:28:53:960;1.84;0.00
14;100;100;14:28:54:260;1.84;0.00
15;100;100;14:28:54:560;1.92;0.01
16;100;100;14:28:54:860;1.96;0.02
17;100;100;14:28:55:160;1.95;0.03
18;100;100;14:28:55:435;1.89;0.05
19;100;100;14:28:55:465;1.87;0.05
20;100;100;14:28:55:765;1.82;0.08
21;100;100;14:28:55:945;1.78;0.10
22;100;100;14:28:56:070;1.77;0.12
23;100;100;14:28:56:235;1.76;0.15
24;100;100;14:28:56:375;1.94;0.18
25;100;100;14:28:56:505;1.75;0.20
26;100;100;14:28:56:680;1.82;0.24
27;100;100;14:28:56:805;1.92;0.25
28;100;100;14:28:56:960;1.96;0.30
29;100;100;14:28:56:990;1.78;0.31
30;100;100;14:28:57:160;1.77;0.36
31;100;100;14:28:57:295;1.70;0.40
32;100;100;14:28:57:360;1.83;0.41
33;100;100;14:28:57:555;1.77;0.46
34;100;100;14:28:57:605;1.74;0.49
35;100;100;14:28:57:655;1.76;0.51
36;100;100;14:28:57:850;1.84;0.56
37;100;100;14:28:57:915;1.97;0.58
38;100;100;14:28:58:025;1.90;0.61
39;100;100;14:28:58:220;2.10;0.65
40;100;100;14:28:58:255;2.09;0.66
41;100;100;14:28:58:520;2.17;0.71
42;100;100;14:28:58:530;2.27;0.71
43;100;100;14:28:58:830;2.38;0.76
44;100;100;14:28:58:835;2.40;0.76
45;100;100;14:28:59:135;2.41;0.79
46;100;100;14:28:59:435;2.44;0.80
47;100;100;14:28:59:735;2.56;0.81
48;100;100;14:28:59:785;2.46;0.81
49;100;100;14:29:00:040;2.57;0.82
50;100;100;14:29:00:150;2.85;0.83
51;100;100;14:29:00:345;2.79;0.84
52;100;100;14:29:00:645;2.72;0.84
53;100;100;14:29:00:945;2.78;0.86
54;100;100;14:29:01:105;2.68;0.86
55;100;100;14:29:01:250;2.81;0.87
56;100;100;14:29:01:550;2.86;0.87
57;100;100;14:29:01:850;2.82;0.88
58;100;100;14:29:02:150;2.82;0.89
59;100;100;14:29:02:450;2.73;0.90
60;100;100;14:29:02:750;2.82;0.91
61;100;100;14:29:02:845;2.92;0.91
62;100;100;14:29:03:055;2.80;0.92
63;100;100;14:29:03:355;2.90;0.93
64;100;100;14:29:03:655;2.93;0.93
65;100;100;14:29:03:955;3.01;0.94
66;100;100;14:29:04:255;3.05;0.95
67;100;100;14:29:04:555;3.02;0.95
68;100;100;14:29:04:855;3.10;0.96
69;100;100;14:29:04:940;2.97;0.96
70;100;100;14:29:05:160;3.25;0.97
71;100;100;14:29:05:460;3.16;0.97
72;100;100;14:29:05:760;3.13;0.98
73;100;100;14:29:06:060;3.12;0.98
74;100;100;14:29:06:360;3.01;1.00
75;100;100;14:29:06:660;3.27;1.01
76;100;100;14:29:06:875;3.20;1.01
77;100;100;14:29:06:965;3.16;1.02
78;100;100;14:29:07:265;3.20;1.03
79;100;100;14:29:07:565;3.20;1.04
80;100;100;14:29:07:865;3.36;1.05
81;100;100;14:29:08:165;3.48;1.06
82;100;100;14:29:08:355;3.31;1.06
83;100;100;14:29:08:470;3.37;1.07
84;100;100;14:29:08:770;3.37;1.09
85;100;100;14:29:09:045;2.68;1.12
86;100;100;14:29:09:075;2.59;1.13
87;100;100;14:29:09:170;2.29;1.17
88;100;100;14:29:09:240;2.46;1.22
89;100;100;14:29:09:325;2.60;1.27
90;100;100;14:29:09:390;2.74;1.29
91;100;100;14:29:09:455;2.79;1.32
92;100;100;14:29:09:545;2.72;1.37
93;100;100;14:29:09:685;2.82;1.42
94;100;100;14:29:09:705;2.78;1.43
95;100;100;14:29:09:765;2.80;1.47

x
x;0.000;0.000;0.0;0.0
Index;Element;Marker;Time;Kraft Diff.;Weg
;;;;kN;mm
