baerlock
1;2015-10-05;13:41:35;;;0;01:33:00;
30;1;20
0.0;0.0

4o
4o;50.000;40.000;0.0;0.0
Index;Element;Marker;Time;Kraft Diff.;Weg
;;;;kN;mm
1;100;5000;10:53:49:450;2.07;0.00
2;100;100;10:53:49:800;2.11;0.00
3;100;100;10:53:50:310;2.18;0.04
4;100;100;10:53:50:410;1.87;0.06
5;100;100;10:53:50:640;2.19;0.09
6;100;100;10:53:50:800;1.98;0.15
7;100;100;10:53:51:010;2.04;0.20
8;100;100;10:53:51:040;2.22;0.21
9;100;100;10:53:51:110;1.94;0.25
10;100;100;10:53:51:210;2.04;0.30
11;100;100;10:53:51:350;2.15;0.35
12;100;100;10:53:51:450;2.04;0.40
13;100;100;10:53:51:550;2.04;0.46
14;100;100;10:53:51:660;2.20;0.51
15;100;100;10:53:51:700;2.35;0.54
16;100;100;10:53:51:730;2.10;0.56
17;100;100;10:53:51:810;1.94;0.62
18;100;100;10:53:51:900;2.10;0.67
19;100;100;10:53:51:990;2.16;0.72
20;100;100;10:53:52:070;2.23;0.77
21;100;100;10:53:52:140;1.94;0.82
22;100;100;10:53:52:220;2.18;0.88
23;100;100;10:53:52:270;2.94;0.90
24;100;100;10:53:52:310;3.20;0.93
25;100;100;10:53:52:390;3.52;0.94
26;100;100;10:53:52:990;3.95;0.97
27;100;100;10:53:53:430;4.39;0.97
28;100;100;10:53:53:600;4.15;0.97
29;100;100;10:53:53:770;4.41;0.98
30;100;100;10:53:54:210;4.47;0.99
31;100;100;10:53:54:810;4.93;1.00
32;100;100;10:53:55:410;5.02;1.01
33;100;100;10:53:56:010;5.27;1.03
34;100;100;10:53:56:110;5.24;1.03
35;100;100;10:53:56:600;5.81;1.04
36;100;100;10:53:56:630;5.74;1.04
37;100;100;10:53:57:230;5.91;1.05
38;100;100;10:53:57:830;6.09;1.05
39;100;100;10:53:58:430;6.60;1.06
40;100;100;10:53:59:030;6.81;1.07
41;100;100;10:53:59:500;7.21;1.08
42;100;100;10:53:59:510;6.98;1.08
43;100;100;10:53:59:650;6.81;1.08
44;100;100;10:54:00:250;7.37;1.09
45;100;100;10:54:00:850;7.68;1.11
46;100;100;10:54:01:450;7.93;1.11
47;100;100;10:54:02:050;8.33;1.12
48;100;100;10:54:02:640;8.62;1.12
49;100;100;10:54:02:660;8.59;1.13
50;100;100;10:54:02:780;8.72;1.13
51;100;100;10:54:03:270;8.59;1.13
52;100;100;10:54:03:870;9.14;1.14
53;100;100;10:54:04:470;9.43;1.15
54;100;100;10:54:05:070;9.61;1.16
55;100;100;10:54:05:250;10.06;1.17
56;100;100;10:54:05:680;10.09;1.17
57;100;100;10:54:05:880;10.06;1.18
58;100;100;10:54:06:290;10.45;1.18
59;100;100;10:54:06:890;10.58;1.18
60;100;100;10:54:07:490;11.11;1.19
61;100;100;10:54:08:090;11.29;1.19
62;100;100;10:54:08:140;11.51;1.19
63;100;100;10:54:08:700;11.38;1.20
64;100;100;10:54:09:300;11.98;1.20
65;100;100;10:54:09:900;12.32;1.21
66;100;100;10:54:10:110;10.08;1.22
67;100;100;10:54:10:120;9.24;1.23
68;100;100;10:54:10:190;10.06;1.28
69;100;100;10:54:10:250;11.99;1.34

x
x;0.000;0.000;0.0;0.0
Index;Element;Marker;Time;Kraft Diff.;Weg
;;;;kN;mm
