artificial coarse g25
1;2015-10-05;13:41:35;;;0;01:33:00;
30;1;20
0.0;0.0

b9
B9;50.000;40.000;0.0;0.0
Index;Element;Marker;Time;Kraft Diff.;Weg
;;;;kN;mm
1;100;5000;15:04:19:852;1.05;0.00
2;100;100;15:04:21:493;1.42;0.00
3;100;100;15:04:22:193;1.45;0.00
4;100;100;15:04:25:193;1.69;0.00
5;100;100;15:04:28:193;1.96;0.00
6;100;100;15:04:31:193;2.10;0.04
7;100;100;15:04:31:293;1.94;0.05
8;100;100;15:04:31:743;2.05;0.11
9;100;100;15:04:32:193;2.10;0.16
10;100;100;15:04:32:443;2.04;0.21
11;100;100;15:04:32:743;2.13;0.27
12;100;100;15:04:33:043;1.96;0.33
13;100;100;15:04:33:243;1.97;0.38
14;100;100;15:04:33:443;2.12;0.44
15;100;100;15:04:33:643;1.97;0.50
16;100;100;15:04:33:843;2.22;0.56
17;100;100;15:04:33:993;1.89;0.62
18;100;100;15:04:34:193;2.12;0.68
19;100;100;15:04:34:343;1.89;0.74
20;100;100;15:04:34:543;2.03;0.81
21;100;100;15:04:34:693;2.09;0.87
22;100;100;15:04:34:843;2.29;0.92
23;100;100;15:04:34:993;1.91;0.98
24;100;100;15:04:35:043;2.19;0.99
25;100;100;15:04:35:193;2.51;1.04
26;100;100;15:04:35:393;2.50;1.09
27;100;100;15:04:35:793;2.89;1.14
28;100;100;15:04:36:093;2.81;1.20
29;100;100;15:04:36:743;2.93;1.25
30;100;100;15:04:37:343;2.76;1.30
31;100;100;15:04:38:293;3.07;1.35
32;100;100;15:04:38:393;2.85;1.36
33;100;100;15:04:38:893;3.27;1.40
34;100;100;15:04:39:643;3.20;1.45
35;100;100;15:04:40:243;2.87;1.52
36;100;100;15:04:40:593;3.57;1.57

x
x;0.000;0.000;0.0;0.0
Index;Element;Marker;Time;Kraft Diff.;Weg
;;;;kN;mm
