baerlock
1;2015-10-05;13:41:35;;;0;01:33:00;
30;1;20
0.0;0.0

6o
6o;50.000;40.000;0.0;0.0
Index;Element;Marker;Time;Kraft Diff.;Weg
;;;;kN;mm
1;100;5000;11:04:39:806;1.96;0.00
2;100;100;11:04:40:104;2.12;0.00
3;100;100;11:04:40:704;2.18;0.04
4;100;100;11:04:40:714;2.13;0.04
5;100;100;11:04:40:994;2.12;0.09
6;100;100;11:04:41:184;2.02;0.14
7;100;100;11:04:41:334;2.08;0.18
8;100;100;11:04:41:374;2.29;0.20
9;100;100;11:04:41:474;2.10;0.25
10;100;100;11:04:41:634;2.04;0.30
11;100;100;11:04:41:734;2.07;0.35
12;100;100;11:04:41:854;2.15;0.41
13;100;100;11:04:41:934;1.91;0.46
14;100;100;11:04:41:994;1.92;0.48
15;100;100;11:04:42:034;1.89;0.51
16;100;100;11:04:42:114;2.19;0.56
17;100;100;11:04:42:194;2.31;0.61
18;100;100;11:04:42:284;2.09;0.66
19;100;100;11:04:42:364;2.00;0.72
20;100;100;11:04:42:454;2.11;0.77
21;100;100;11:04:42:514;2.22;0.82
22;100;100;11:04:42:604;2.29;0.88
23;100;100;11:04:42:674;2.68;0.93
24;100;100;11:04:42:684;2.79;0.93
25;100;100;11:04:42:744;3.13;0.95
26;100;100;11:04:42:874;3.80;0.98
27;100;100;11:04:43:304;4.16;1.01
28;100;100;11:04:43:904;4.04;1.02
29;100;100;11:04:44:354;4.53;1.02
30;100;100;11:04:44:514;4.62;1.02
31;100;100;11:04:45:114;4.69;1.03
32;100;100;11:04:45:204;4.81;1.03
33;100;100;11:04:45:724;4.99;1.04
34;100;100;11:04:46:324;5.33;1.06
35;100;100;11:04:46:924;5.46;1.08
36;100;100;11:04:47:084;5.58;1.08
37;100;100;11:04:47:504;5.97;1.09
38;100;100;11:04:47:544;5.83;1.09
39;100;100;11:04:48:144;6.11;1.10
40;100;100;11:04:48:744;6.67;1.11
41;100;100;11:04:49:344;6.55;1.12
42;100;100;11:04:49:634;6.68;1.13
43;100;100;11:04:49:954;7.11;1.14
44;100;100;11:04:50:304;7.38;1.15
45;100;100;11:04:50:564;7.27;1.15
46;100;100;11:04:51:164;7.59;1.16
47;100;100;11:04:51:764;7.93;1.16
48;100;100;11:04:52:364;8.06;1.17
49;100;100;11:04:52:964;8.59;1.18
50;100;100;11:04:52:994;8.80;1.18
51;100;100;11:04:53:144;8.45;1.18
52;100;100;11:04:53:584;8.60;1.19
53;100;100;11:04:54:184;9.29;1.20
54;100;100;11:04:54:784;9.36;1.21
55;100;100;11:04:55:384;9.61;1.22
56;100;100;11:04:55:964;10.00;1.23
57;100;100;11:04:55:994;10.11;1.23
58;100;100;11:04:56:024;10.21;1.23
59;100;100;11:04:56:604;10.13;1.24
60;100;100;11:04:57:204;10.80;1.24
61;100;100;11:04:57:804;10.73;1.25
62;100;100;11:04:58:004;8.15;1.27
63;100;100;11:04:58:024;8.77;1.28
64;100;100;11:04:58:054;9.56;1.31
65;100;100;11:04:58:084;9.66;1.34
66;100;100;11:04:58:174;10.48;1.39
67;100;100;11:04:58:234;11.14;1.41

x
x;0.000;0.000;0.0;0.0
Index;Element;Marker;Time;Kraft Diff.;Weg
;;;;kN;mm
