massongex
1;2015-10-05;13:41:35;;;0;01:33:00;
30;1;20
0.0;0.0

6p
6p_45_12;50.000;40.000;0.0;0.0
Index;Element;Marker;Time;Kraft Diff.;Weg
;;;;kN;mm
1;100;5000;15:31:23:556;1.38;0.00
2;100;100;15:31:24:831;2.19;0.02
3;100;100;15:31:24:992;2.12;0.06
4;100;100;15:31:25:191;2.08;0.12
5;100;100;15:31:25:312;2.17;0.17
6;100;100;15:31:25:432;2.09;0.22
7;100;100;15:31:25:551;2.09;0.29
8;100;100;15:31:25:671;2.30;0.36
9;100;100;15:31:25:751;2.24;0.41
10;100;100;15:31:25:871;1.73;0.50
11;100;100;15:31:25:952;1.84;0.56
12;100;100;15:31:26:031;2.13;0.63
13;100;100;15:31:26:112;2.31;0.68
14;100;100;15:31:26:191;2.05;0.74
15;100;100;15:31:26:272;2.00;0.81
16;100;100;15:31:26:391;2.64;0.91
17;100;100;15:31:26:432;3.56;0.93
18;100;100;15:31:26:511;4.26;0.98
19;100;100;15:31:27:031;4.98;1.00
20;100;100;15:31:27:911;5.78;1.01
21;100;100;15:31:28:551;6.40;1.01
22;100;100;15:31:30:031;7.83;1.03
23;100;100;15:31:30:391;8.02;1.03
24;100;100;15:31:30:592;8.32;1.03
25;100;100;15:31:31:551;9.27;1.05
26;100;100;15:31:32:871;10.49;1.08
27;100;100;15:31:33:031;10.70;1.08
28;100;100;15:31:33:071;10.89;1.09
29;100;100;15:31:34:312;12.10;1.11
30;100;100;15:31:35:391;13.22;1.12
31;100;100;15:31:35:751;13.59;1.12
32;100;100;15:31:37:031;14.69;1.14
33;100;100;15:31:37:231;15.14;1.14
34;100;100;15:31:37:911;15.61;1.14
35;100;100;15:31:38:671;16.56;1.14
36;100;100;15:31:40:231;18.20;1.15
37;100;100;15:31:40:391;17.98;1.15
38;100;100;15:31:41:671;19.69;1.16
39;100;100;15:31:42:831;20.51;1.16
40;100;100;15:31:43:432;21.39;1.16
41;100;100;15:31:44:992;22.96;1.17
42;100;100;15:31:45:312;22.94;1.18
43;100;100;15:31:46:432;24.38;1.18
44;100;100;15:31:47:112;24.93;1.19
45;100;100;15:31:47:792;25.67;1.19
46;100;100;15:31:47:871;25.83;1.19
47;100;100;15:31:48:952;27.29;1.20
48;100;100;15:31:50:031;28.86;1.21
49;100;100;15:31:50:191;27.08;1.21
50;100;100;15:31:50:351;27.37;1.21
51;100;100;15:31:50:432;28.92;1.21
52;100;100;15:31:50:751;27.51;1.21
53;100;100;15:31:50:992;29.46;1.22
54;100;100;15:31:51:231;27.64;1.21
55;100;100;15:31:51:391;29.14;1.22
56;100;100;15:31:51:952;30.74;1.22
57;100;100;15:31:52:191;29.12;1.22
58;100;100;15:31:52:432;30.80;1.22
59;100;100;15:31:52:751;29.23;1.22
60;100;100;15:31:52:952;31.25;1.23
61;100;100;15:31:53:152;31.01;1.23
62;100;100;15:31:53:272;29.68;1.23
63;100;100;15:31:53:472;31.21;1.23
64;100;100;15:31:53:632;32.75;1.23
65;100;100;15:31:53:792;30.46;1.23
66;100;100;15:31:54:031;32.62;1.23
67;100;100;15:31:54:351;31.02;1.23
68;100;100;15:31:54:592;33.06;1.23
69;100;100;15:31:54:911;31.47;1.23
70;100;100;15:31:55:112;32.94;1.23
71;100;100;15:31:55:231;34.15;1.24
72;100;100;15:31:55:751;34.58;1.24
73;100;100;15:31:55:992;33.79;1.24
74;100;100;15:31:56:031;33.17;1.24
75;100;100;15:31:56:351;35.16;1.24
76;100;100;15:31:56:671;33.56;1.24
77;100;100;15:31:57:031;35.68;1.25
78;100;100;15:31:57:351;33.74;1.25
79;100;100;15:31:57:632;35.20;1.25
80;100;100;15:31:57:792;36.90;1.25
81;100;100;15:31:58:031;35.23;1.25
82;100;100;15:31:58:391;37.19;1.25
83;100;100;15:31:58:751;35.60;1.25
84;100;100;15:31:58:792;35.12;1.25
85;100;100;15:31:59:071;37.01;1.25
86;100;100;15:31:59:511;35.61;1.26
87;100;100;15:31:59:831;37.16;1.26
88;100;100;15:31:59:952;39.02;1.26
89;100;100;15:32:00:391;37.20;1.26
90;100;100;15:32:00:711;39.18;1.26
91;100;100;15:32:01:231;37.78;1.26
92;100;100;15:32:01:472;37.80;1.26
93;100;100;15:32:01:592;39.26;1.26
94;100;100;15:32:01:751;40.77;1.27
95;100;100;15:32:02:112;39.21;1.27
96;100;100;15:32:02:511;40.67;1.27
97;100;100;15:32:02:632;42.09;1.27
98;100;100;15:32:03:071;40.49;1.27
99;100;100;15:32:03:272;39.02;1.27
100;100;100;15:32:03:511;40.46;1.27
101;100;100;15:32:03:711;42.26;1.28
102;100;100;15:32:04:231;40.86;1.28
103;100;100;15:32:04:272;40.34;1.28
104;100;100;15:32:04:592;42.22;1.28
105;100;100;15:32:04:671;43.82;1.28
106;100;100;15:32:05:312;42.16;1.28
107;100;100;15:32:05:792;43.43;1.29
108;100;100;15:32:05:871;44.32;1.29
109;100;100;15:32:06:152;45.86;1.29
110;100;100;15:32:06:511;43.81;1.29
111;100;100;15:32:06:671;42.40;1.29
112;100;100;15:32:06:952;43.90;1.29
113;100;100;15:32:07:031;45.03;1.30
114;100;100;15:32:07:112;45.94;1.30
115;100;100;15:32:07:751;44.04;1.30
116;100;100;15:32:08:511;45.72;1.31
117;100;100;15:32:08:671;47.18;1.31
118;100;100;15:32:08:952;48.74;1.31
119;100;100;15:32:09:632;47.63;1.31
120;100;100;15:32:09:711;47.30;1.31
121;100;100;15:32:09:992;45.66;1.31
122;100;100;15:32:10:592;47.19;1.31
123;100;100;15:32:10:792;48.85;1.32
124;100;100;15:32:10:992;50.53;1.32
125;100;100;15:32:11:831;49.12;1.32
126;100;100;15:32:12:031;47.67;1.32
127;100;100;15:32:12:312;47.63;1.32
128;100;100;15:32:12:671;49.28;1.32
129;100;100;15:32:12:871;51.56;1.33
130;100;100;15:32:13:152;52.97;1.33
131;100;510;15:32:13:632;52.94;1.33
132;100;100;15:32:13:671;35.15;1.36

x
x;0.000;0.000;0.0;0.0
Index;Element;Marker;Time;Kraft Diff.;Weg
;;;;kN;mm
