massongex
1;2015-10-05;13:41:35;;;0;01:33:00;
30;1;20
0.0;0.0

29o
29o;50.000;40.000;0.0;0.0
Index;Element;Marker;Time;Kraft Diff.;Weg
;;;;kN;mm
1;100;5000;11:12:52:766;2.79;0.00
2;100;100;11:12:53:561;3.58;0.00
3;100;100;11:12:54:361;4.25;0.04
4;100;100;11:12:54:841;4.64;0.05
5;100;100;11:12:56:041;5.57;0.08
6;100;100;11:12:56:161;6.11;0.08
7;100;100;11:12:56:721;6.58;0.09
8;100;100;11:12:57:681;7.54;0.10
9;100;100;11:12:58:561;8.17;0.11
10;100;100;11:12:59:241;9.16;0.12
11;100;100;11:13:00:801;10.71;0.14
12;100;100;11:13:00:921;10.31;0.14
13;100;100;11:13:01:081;10.78;0.14
14;100;100;11:13:02:361;12.27;0.16
15;100;100;11:13:03:521;13.13;0.17
16;100;100;11:13:03:881;13.68;0.18
17;100;100;11:13:05:161;15.14;0.18
18;100;100;11:13:05:961;15.91;0.19
19;100;100;11:13:06:041;15.57;0.19
20;100;100;11:13:06:721;16.68;0.19
21;100;100;11:13:08:201;18.20;0.20
22;100;100;11:13:08:521;18.24;0.21
23;100;100;11:13:09:521;19.62;0.22
24;100;100;11:13:10:961;20.45;0.23
25;100;100;11:13:11:001;21.07;0.23
26;100;100;11:13:12:561;22.80;0.24
27;100;100;11:13:13:441;22.96;0.25
28;100;100;11:13:14:121;24.24;0.25
29;100;100;11:13:15:641;25.73;0.26
30;100;100;11:13:15:921;25.76;0.27
31;100;100;11:13:17:121;27.19;0.27
32;100;100;11:13:18:361;28.20;0.28
33;100;100;11:13:18:681;28.82;0.28
34;100;100;11:13:19:241;29.20;0.29
35;100;100;11:13:20:241;30.33;0.30
36;100;100;11:13:20:881;30.41;0.30
37;100;100;11:13:21:761;31.85;0.31
38;100;100;11:13:23:241;33.30;0.32
39;100;100;11:13:23:361;32.90;0.32
40;100;100;11:13:24:801;34.99;0.33
41;100;100;11:13:25:801;35.71;0.33
42;100;100;11:13:26:521;36.40;0.34
43;100;100;11:13:27:801;37.97;0.34
44;100;100;11:13:28:281;38.11;0.34
45;100;100;11:13:28:481;38.19;0.34
46;100;100;11:13:29:361;39.55;0.34
47;100;100;11:13:30:761;40.15;0.35
48;100;100;11:13:30:921;40.96;0.35
49;100;100;11:13:32:361;42.42;0.35
50;100;100;11:13:33:241;42.93;0.36
51;100;100;11:13:33:921;44.09;0.36
52;100;100;11:13:35:641;45.60;0.37
53;100;100;11:13:35:721;45.51;0.37
54;100;100;11:13:36:921;47.04;0.38
55;100;100;11:13:38:161;47.85;0.39
56;100;100;11:13:38:481;48.66;0.39
57;100;100;11:13:39:601;48.98;0.39
58;100;100;11:13:39:961;50.17;0.39
59;100;100;11:13:40:681;50.39;0.40
60;100;100;11:13:41:801;51.57;0.41
61;100;510;11:13:41:881;52.09;0.41
62;100;100;11:13:41:921;24.10;0.42

x
x;0.000;0.000;0.0;0.0
Index;Element;Marker;Time;Kraft Diff.;Weg
;;;;kN;mm
