FineGrainedBlock
1;2015-10-05;13:41:35;;;0;01:33:00;
30;1;20
0.0;0.0

b3
B3_0p1kNs;50.000;40.000;0.0;0.0
Index;Element;Marker;Time;Kraft Diff.;Weg
;;;;kN;mm
1;100;5000;15:14:19:421;1.59;0.00
2;100;100;15:14:19:806;1.72;0.00
3;100;100;15:14:20:106;1.70;0.00
4;100;100;15:14:20:406;1.57;0.00
5;100;100;15:14:20:706;1.72;0.00
6;100;100;15:14:21:006;1.57;0.00
7;100;100;15:14:21:306;1.89;0.00
8;100;100;15:14:21:606;1.82;0.00
9;100;100;15:14:21:906;1.73;0.01
10;100;100;15:14:22:206;1.80;0.01
11;100;100;15:14:22:506;1.72;0.03
12;100;100;15:14:22:806;1.86;0.04
13;100;100;15:14:22:941;1.84;0.05
14;100;100;15:14:23:111;1.77;0.06
15;100;100;15:14:23:411;1.86;0.07
16;100;100;15:14:23:711;1.92;0.09
17;100;100;15:14:23:851;1.74;0.10
18;100;100;15:14:24:016;1.80;0.12
19;100;100;15:14:24:316;1.81;0.14
20;100;100;15:14:24:356;1.72;0.15
21;100;100;15:14:24:621;1.74;0.19
22;100;100;15:14:24:796;1.77;0.20
23;100;100;15:14:24:926;1.84;0.22
24;100;100;15:14:25:051;1.94;0.25
25;100;100;15:14:25:231;1.87;0.29
26;100;100;15:14:25:296;1.80;0.30
27;100;100;15:14:25:536;1.83;0.35
28;100;100;15:14:25:551;1.78;0.35
29;100;100;15:14:25:721;1.77;0.41
30;100;100;15:14:25:846;1.78;0.44
31;100;100;15:14:25:956;1.80;0.46
32;100;100;15:14:26:151;1.80;0.51
33;100;100;15:14:26:156;1.70;0.51
34;100;100;15:14:26:316;1.77;0.56
35;100;100;15:14:26:461;1.66;0.60
36;100;100;15:14:26:476;1.95;0.61
37;100;100;15:14:26:656;1.74;0.66
38;100;100;15:14:26:771;1.76;0.70
39;100;100;15:14:26:791;1.80;0.71
40;100;100;15:14:26:896;1.78;0.76
41;100;100;15:14:27:081;1.88;0.80
42;100;100;15:14:27:131;1.78;0.81
43;100;100;15:14:27:216;1.96;0.86
44;100;100;15:14:27:326;1.70;0.91
45;100;100;15:14:27:396;1.76;0.94
46;100;100;15:14:27:471;1.88;0.96
47;100;100;15:14:27:611;2.02;1.01
48;100;100;15:14:27:706;2.07;1.04
49;100;100;15:14:27:781;2.27;1.07
50;100;100;15:14:27:981;2.32;1.12
51;100;100;15:14:28:016;2.32;1.13
52;100;100;15:14:28:241;2.35;1.17
53;100;100;15:14:28:321;2.51;1.17
54;100;100;15:14:28:621;2.51;1.19
55;100;100;15:14:28:896;2.57;1.22
56;100;100;15:14:28:926;2.74;1.22
57;100;100;15:14:29:226;2.66;1.23
58;100;100;15:14:29:526;2.75;1.25
59;100;100;15:14:29:826;2.94;1.26
60;100;100;15:14:30:126;2.85;1.26
61;100;100;15:14:30:226;2.81;1.27
62;100;100;15:14:30:431;2.82;1.27
63;100;100;15:14:30:506;3.07;1.27
64;100;100;15:14:30:736;2.86;1.28
65;100;100;15:14:31:036;2.76;1.29
66;100;100;15:14:31:336;2.95;1.30
67;100;100;15:14:31:636;3.01;1.31
68;100;100;15:14:31:936;2.88;1.31
69;100;100;15:14:32:071;2.92;1.32
70;100;100;15:14:32:241;3.07;1.32
71;100;100;15:14:32:541;3.03;1.33
72;100;100;15:14:32:841;3.01;1.33
73;100;100;15:14:33:141;2.95;1.34
74;100;100;15:14:33:441;3.05;1.34
75;100;100;15:14:33:741;3.16;1.35
76;100;100;15:14:34:041;3.09;1.35
77;100;100;15:14:34:341;3.22;1.36
78;100;100;15:14:34:641;3.03;1.36
79;100;100;15:14:34:726;3.17;1.37
80;100;100;15:14:34:946;3.29;1.37
81;100;100;15:14:35:246;3.03;1.38
82;100;100;15:14:35:546;3.20;1.39
83;100;100;15:14:35:846;3.25;1.39
84;100;100;15:14:36:146;3.29;1.40
85;100;100;15:14:36:446;3.35;1.41
86;100;100;15:14:36:596;3.30;1.42
87;100;100;15:14:36:751;3.39;1.42
88;100;100;15:14:37:051;3.38;1.43
89;100;100;15:14:37:351;3.35;1.43
90;100;100;15:14:37:651;3.33;1.44
91;100;100;15:14:37:951;3.37;1.45
92;100;100;15:14:38:251;3.50;1.46
93;100;100;15:14:38:381;3.38;1.47
94;100;100;15:14:38:556;3.30;1.48
95;100;100;15:14:38:856;3.53;1.49
96;100;100;15:14:39:156;3.63;1.50
97;100;100;15:14:39:456;3.64;1.52
98;100;100;15:14:39:491;3.49;1.52
99;100;100;15:14:39:761;3.62;1.53
100;100;100;15:14:40:061;3.65;1.54
101;100;100;15:14:40:361;3.77;1.55
102;100;100;15:14:40:661;3.59;1.56
103;100;100;15:14:40:736;3.69;1.57
104;100;100;15:14:40:966;3.78;1.59
105;100;100;15:14:41:266;3.72;1.60
106;100;100;15:14:41:566;3.71;1.62
107;100;100;15:14:41:581;3.82;1.62
108;100;100;15:14:41:871;3.83;1.64
109;100;100;15:14:42:171;3.78;1.66
110;100;100;15:14:42:406;3.87;1.67
111;100;100;15:14:42:476;3.82;1.67
112;100;100;15:14:42:776;3.88;1.69
113;100;100;15:14:43:076;3.82;1.71
114;100;100;15:14:43:136;3.90;1.72
115;100;100;15:14:43:381;4.04;1.75
116;100;100;15:14:43:681;3.90;1.76
117;100;100;15:14:43:736;3.90;1.77
118;100;100;15:14:43:986;4.14;1.78
119;100;100;15:14:44:216;2.79;1.82
120;100;100;15:14:44:276;2.85;1.87
121;100;100;15:14:44:296;3.01;1.89
122;100;100;15:14:44:361;2.89;1.92
123;100;100;15:14:44:451;2.96;1.98
124;100;100;15:14:44:541;3.01;2.03
125;100;100;15:14:44:611;3.17;2.08
126;100;100;15:14:44:616;3.07;2.08
127;100;100;15:14:44:706;3.23;2.13
128;100;100;15:14:44:781;3.27;2.18

x
x;0.000;0.000;0.0;0.0
Index;Element;Marker;Time;Kraft Diff.;Weg
;;;;kN;mm
