massongex
1;2015-10-05;13:41:35;;;0;01:33:00;
30;1;20
0.0;0.0

27o
27o;50.000;40.000;0.0;0.0
Index;Element;Marker;Time;Kraft Diff.;Weg
;;;;kN;mm
1;100;5000;13:04:55:851;2.95;0.00
2;100;100;13:04:56:430;3.21;0.00
3;100;100;13:04:56:870;3.87;0.00
4;100;100;13:04:57:350;3.95;0.02
5;100;100;13:04:58:430;5.30;0.06
6;100;100;13:04:58:550;5.20;0.07
7;100;100;13:04:58:990;5.63;0.08
8;100;100;13:05:00:070;6.98;0.11
9;100;100;13:05:00:510;7.07;0.12
10;100;100;13:05:01:470;8.17;0.13
11;100;100;13:05:01:710;8.52;0.13
12;100;100;13:05:03:270;9.94;0.15
13;100;100;13:05:03:950;10.77;0.16
14;100;100;13:05:04:630;11.50;0.17
15;100;100;13:05:04:670;11.50;0.17
16;100;100;13:05:06:190;12.95;0.19
17;100;100;13:05:06:470;13.06;0.19
18;100;100;13:05:07:550;14.50;0.21
19;100;100;13:05:08:910;15.83;0.22
20;100;100;13:05:09:110;16.01;0.22
21;100;100;13:05:09:190;16.25;0.22
22;100;100;13:05:10:470;17.58;0.23
23;100;100;13:05:11:430;18.40;0.24
24;100;100;13:05:12:030;19.11;0.24
25;100;100;13:05:13:670;20.82;0.25
26;100;100;13:05:13:910;20.71;0.26
27;100;100;13:05:15:230;22.39;0.27
28;100;100;13:05:15:390;21.84;0.27
29;100;100;13:05:16:390;23.10;0.28
30;100;100;13:05:16:790;23.82;0.28
31;100;100;13:05:18:150;25.24;0.29
32;100;100;13:05:18:870;25.32;0.30
33;100;100;13:05:19:670;26.70;0.30
34;100;100;13:05:21:230;28.17;0.31
35;100;100;13:05:21:350;28.22;0.32
36;100;100;13:05:21:590;28.48;0.32
37;100;100;13:05:22:790;29.68;0.33
38;100;100;13:05:23:830;30.68;0.34
39;100;100;13:05:24:070;31.20;0.34
40;100;100;13:05:25:630;32.63;0.35
41;100;100;13:05:26:310;33.18;0.35
42;100;100;13:05:27:190;34.11;0.36
43;100;100;13:05:28:750;35.63;0.36
44;100;100;13:05:28:790;35.51;0.36
45;100;100;13:05:29:990;36.84;0.37
46;100;100;13:05:30:350;37.12;0.37
47;100;100;13:05:31:270;38.30;0.37
48;100;100;13:05:31:550;38.66;0.38
49;100;100;13:05:33:110;40.16;0.38
50;100;100;13:05:33:750;40.79;0.38
51;100;100;13:05:34:950;41.59;0.38
52;100;100;13:05:35:630;43.13;0.39
53;100;100;13:05:36:230;42.65;0.39
54;100;100;13:05:37:470;44.85;0.40
55;100;100;13:05:38:670;45.16;0.40
56;100;100;13:05:38:830;46.29;0.41
57;100;100;13:05:40:590;47.80;0.42
58;100;100;13:05:40:910;48.67;0.42
59;100;100;13:05:41:190;48.63;0.42
60;100;100;13:05:42:430;49.69;0.43
61;100;510;13:05:42:710;50.63;0.43
62;100;100;13:05:42:750;23.68;0.43

x
x;0.000;0.000;0.0;0.0
Index;Element;Marker;Time;Kraft Diff.;Weg
;;;;kN;mm
