massongex
1;2015-10-05;13:41:35;;;0;01:33:00;
30;1;20
0.0;0.0

1p
1p_0_30;50.000;40.000;0.0;0.0
Index;Element;Marker;Time;Kraft Diff.;Weg
;;;;kN;mm
1;100;5000;14:19:32:729;1.21;0.00
2;100;100;14:19:34:229;2.09;0.05
3;100;100;14:19:34:429;2.48;0.11
4;100;100;14:19:34:749;3.08;0.15
5;100;100;14:19:34:829;3.23;0.16
6;100;100;14:19:35:109;3.53;0.16
7;100;100;14:19:36:189;4.59;0.21
8;100;100;14:19:36:308;4.74;0.22
9;100;100;14:19:37:349;5.69;0.25
10;100;100;14:19:37:669;6.01;0.26
11;100;100;14:19:37:869;6.15;0.27
12;100;100;14:19:39:149;7.50;0.29
13;100;100;14:19:39:869;8.11;0.29
14;100;100;14:19:40:628;8.94;0.30
15;100;100;14:19:42:069;10.38;0.31
16;100;100;14:19:42:349;10.62;0.31
17;100;100;14:19:42:388;10.60;0.32
18;100;100;14:19:43:308;11.81;0.33
19;100;100;14:19:44:829;12.91;0.34
20;100;100;14:19:44:989;13.26;0.34
21;100;100;14:19:46:229;14.73;0.35
22;100;100;14:19:47:308;15.81;0.36
23;100;100;14:19:47:589;16.29;0.36
24;100;100;14:19:47:869;16.32;0.37
25;100;100;14:19:49:349;17.77;0.37
26;100;100;14:19:49:829;18.49;0.38
27;100;100;14:19:50:789;19.28;0.38
28;100;100;14:19:51:949;20.73;0.39
29;100;100;14:19:52:308;20.95;0.39
30;100;100;14:19:53:709;22.28;0.40
31;100;100;14:19:54:749;23.17;0.40
32;100;100;14:19:55:149;23.74;0.41
33;100;100;14:19:56:388;24.79;0.42
34;100;100;14:19:56:628;25.25;0.42
35;100;100;14:19:57:269;25.48;0.42
36;100;100;14:19:58:069;26.79;0.43
37;100;100;14:19:59:709;27.88;0.44
38;100;100;14:19:59:909;28.33;0.44
39;100;100;14:20:00:589;29.75;0.45
40;100;100;14:20:02:189;30.59;0.46
41;100;100;14:20:02:308;31.30;0.46
42;100;100;14:20:03:709;32.81;0.47
43;100;100;14:20:04:029;31.41;0.47
44;100;100;14:20:04:109;32.08;0.47
45;100;100;14:20:04:269;33.05;0.47
46;100;100;14:20:04:789;32.42;0.47
47;100;510;14:20:05:069;34.00;0.48
48;100;100;14:20:05:109;15.70;0.50

x
x;0.000;0.000;0.0;0.0
Index;Element;Marker;Time;Kraft Diff.;Weg
;;;;kN;mm
