baerlock
1;2015-10-05;13:41:35;;;0;01:33:00;
30;1;20
0.0;0.0

7o
7o;50.000;40.000;0.0;0.0
Index;Element;Marker;Time;Kraft Diff.;Weg
;;;;kN;mm
1;100;5000;11:10:00:771;2.10;0.00
2;100;100;11:10:01:396;2.20;0.02
3;100;100;11:10:01:726;2.17;0.05
4;100;100;11:10:02:006;2.02;0.10
5;100;100;11:10:02:016;2.03;0.10
6;100;100;11:10:02:216;2.15;0.15
7;100;100;11:10:02:366;1.92;0.20
8;100;100;11:10:02:526;2.23;0.25
9;100;100;11:10:02:616;2.09;0.30
10;100;100;11:10:02:656;2.17;0.32
11;100;100;11:10:02:746;1.96;0.36
12;100;100;11:10:02:846;2.08;0.41
13;100;100;11:10:02:966;2.20;0.46
14;100;100;11:10:03:056;1.91;0.51
15;100;100;11:10:03:136;2.05;0.57
16;100;100;11:10:03:216;2.11;0.62
17;100;100;11:10:03:286;2.22;0.67
18;100;100;11:10:03:326;1.98;0.69
19;100;100;11:10:03:376;2.08;0.72
20;100;100;11:10:03:446;1.89;0.77
21;100;100;11:10:03:536;2.25;0.82
22;100;100;11:10:03:596;2.36;0.88
23;100;100;11:10:03:686;2.68;0.93
24;100;100;11:10:03:806;3.41;0.98
25;100;100;11:10:03:826;3.62;0.98
26;100;100;11:10:03:996;3.95;0.99
27;100;100;11:10:04:596;4.20;1.00
28;100;100;11:10:05:196;4.16;1.01
29;100;100;11:10:05:796;4.54;1.03
30;100;100;11:10:06:026;4.75;1.03
31;100;100;11:10:06:406;5.05;1.04
32;100;100;11:10:06:416;4.96;1.04
33;100;100;11:10:07:016;5.09;1.05
34;100;100;11:10:07:616;5.39;1.06
35;100;100;11:10:08:216;5.94;1.07
36;100;100;11:10:08:816;6.04;1.08
37;100;100;11:10:09:236;6.29;1.08
38;100;100;11:10:09:266;6.51;1.08
39;100;100;11:10:09:436;6.23;1.08
40;100;100;11:10:10:036;6.56;1.09
41;100;100;11:10:10:636;6.92;1.11
42;100;100;11:10:11:236;7.07;1.12
43;100;100;11:10:11:626;7.34;1.13
44;100;100;11:10:11:846;7.30;1.13
45;100;100;11:10:12:416;7.99;1.14
46;100;100;11:10:12:456;7.89;1.14
47;100;100;11:10:13:056;8.12;1.15
48;100;100;11:10:13:656;8.26;1.15
49;100;100;11:10:14:256;8.74;1.16
50;100;100;11:10:14:856;9.06;1.17
51;100;100;11:10:15:206;9.14;1.18
52;100;100;11:10:15:276;9.41;1.18
53;100;100;11:10:15:476;9.12;1.18
54;100;100;11:10:16:076;9.51;1.19
55;100;100;11:10:16:676;9.95;1.20
56;100;100;11:10:17:276;10.07;1.21
57;100;100;11:10:17:876;10.49;1.21
58;100;100;11:10:18:106;10.84;1.21
59;100;100;11:10:18:486;10.84;1.21
60;100;100;11:10:19:086;10.99;1.22
61;100;100;11:10:19:686;11.25;1.22
62;100;100;11:10:20:286;11.89;1.23
63;100;100;11:10:20:326;11.68;1.23
64;100;100;11:10:20:896;11.97;1.23
65;100;100;11:10:20:996;12.35;1.23
66;100;100;11:10:21:506;12.19;1.24
67;100;100;11:10:22:106;12.73;1.25
68;100;100;11:10:22:706;12.89;1.26
69;100;100;11:10:23:306;12.87;1.27
70;100;100;11:10:23:826;13.78;1.27
71;100;100;11:10:23:916;13.67;1.28
72;100;100;11:10:24:246;13.79;1.28
73;100;510;11:10:24:506;13.95;1.28
74;100;100;11:10:24:516;6.86;1.28
75;100;100;11:10:24:526;9.56;1.29
76;100;100;11:10:24:546;9.69;1.29

x
x;0.000;0.000;0.0;0.0
Index;Element;Marker;Time;Kraft Diff.;Weg
;;;;kN;mm
