massongex
1;2015-10-05;13:41:35;;;0;01:33:00;
30;1;20
0.0;0.0

12p
12p_67_15;50.000;40.000;0.0;0.0
Index;Element;Marker;Time;Kraft Diff.;Weg
;;;;kN;mm
1;100;5000;16:12:49:877;1.32;0.00
2;100;100;16:12:51:188;2.02;0.02
3;100;100;16:12:51:348;2.08;0.06
4;100;100;16:12:51:508;2.11;0.12
5;100;100;16:12:51:628;1.91;0.18
6;100;100;16:12:51:748;2.20;0.24
7;100;100;16:12:51:868;2.15;0.31
8;100;100;16:12:51:988;1.77;0.38
9;100;100;16:12:52:068;1.86;0.44
10;100;100;16:12:52:148;2.09;0.51
11;100;100;16:12:52:228;2.17;0.57
12;100;100;16:12:52:308;2.09;0.63
13;100;100;16:12:52:388;1.96;0.69
14;100;100;16:12:52:468;2.05;0.75
15;100;100;16:12:52:548;2.37;0.83
16;100;100;16:12:52:628;3.13;0.90
17;100;100;16:12:53:148;4.57;0.92
18;100;100;16:12:54:188;5.36;0.94
19;100;100;16:12:54:668;6.03;0.94
20;100;100;16:12:55:108;6.57;0.95
21;100;100;16:12:56:188;7.51;0.99
22;100;100;16:12:56:588;7.89;1.00
23;100;100;16:12:56:748;8.03;1.01
24;100;100;16:12:57:708;9.05;1.02
25;100;100;16:12:59:188;10.51;1.04
26;100;100;16:12:59:228;10.51;1.04
27;100;100;16:13:00:668;11.84;1.05
28;100;100;16:13:00:708;11.97;1.05
29;100;100;16:13:01:708;12.85;1.06
30;100;100;16:13:02:188;13.51;1.06
31;100;100;16:13:03:708;15.04;1.07
32;100;100;16:13:04:188;15.43;1.07
33;100;100;16:13:05:188;16.58;1.08
34;100;100;16:13:06:628;17.82;1.09
35;100;100;16:13:06:708;17.99;1.09
36;100;100;16:13:08:188;19.67;1.10
37;100;100;16:13:09:108;20.14;1.10
38;100;100;16:13:09:148;20.24;1.10
39;100;100;16:13:09:748;21.30;1.11
40;100;100;16:13:11:228;22.78;1.12
41;100;100;16:13:11:628;22.96;1.12
42;100;100;16:13:12:668;24.24;1.13
43;100;100;16:13:14:068;25.08;1.13
44;100;100;16:13:14:228;25.71;1.13
45;100;100;16:13:15:668;27.25;1.14
46;100;100;16:13:16:548;27.74;1.15
47;100;100;16:13:17:148;28.69;1.15
48;100;100;16:13:17:628;28.89;1.15
49;100;100;16:13:18:868;30.16;1.16
50;100;100;16:13:19:068;30.38;1.16
51;100;100;16:13:20:348;31.64;1.16
52;100;100;16:13:21:508;33.06;1.17
53;100;100;16:13:21:548;32.92;1.17
54;100;100;16:13:23:268;34.67;1.18
55;100;100;16:13:23:988;35.20;1.19
56;100;100;16:13:24:828;36.14;1.19
57;100;100;16:13:26:188;37.67;1.20
58;100;100;16:13:26:468;37.68;1.20
59;100;100;16:13:27:188;38.16;1.20
60;100;100;16:13:27:628;39.15;1.21
61;100;100;16:13:28:948;39.89;1.21
62;100;100;16:13:29:108;40.63;1.21
63;100;100;16:13:30:628;42.10;1.22
64;100;100;16:13:31:428;42.96;1.22
65;100;100;16:13:32:028;43.58;1.23
66;100;510;16:13:32:428;43.28;1.23
67;100;100;16:13:32:468;21.72;1.24

x
x;0.000;0.000;0.0;0.0
Index;Element;Marker;Time;Kraft Diff.;Weg
;;;;kN;mm
