massongex
1;2015-10-05;13:41:35;;;0;01:33:00;
30;1;20
0.0;0.0

18p
18p_45_0;50.000;40.000;0.0;0.0
Index;Element;Marker;Time;Kraft Diff.;Weg
;;;;kN;mm
1;100;5000;15:05:58:030;1.77;0.00
2;100;100;15:05:59:066;2.09;0.06
3;100;100;15:05:59:266;2.29;0.11
4;100;100;15:05:59:386;2.12;0.16
5;100;100;15:05:59:506;1.76;0.22
6;100;100;15:05:59:626;1.94;0.29
7;100;100;15:05:59:746;2.31;0.36
8;100;100;15:05:59:866;1.91;0.43
9;100;100;15:05:59:946;1.88;0.50
10;100;100;15:06:00:026;2.07;0.55
11;100;100;15:06:00:106;2.17;0.62
12;100;100;15:06:00:186;2.18;0.67
13;100;100;15:06:00:266;1.87;0.74
14;100;100;15:06:00:346;1.82;0.80
15;100;100;15:06:00:426;2.26;0.87
16;100;100;15:06:00:466;3.20;0.90
17;100;100;15:06:00:546;4.30;0.94
18;100;100;15:06:00:586;4.26;0.94
19;100;100;15:06:00:826;4.67;0.95
20;100;100;15:06:02:386;6.21;0.96
21;100;100;15:06:03:066;6.64;0.97
22;100;100;15:06:03:946;7.62;0.98
23;100;100;15:06:05:506;9.05;0.99
24;100;100;15:06:05:546;8.99;0.99
25;100;100;15:06:06:226;9.58;0.99
26;100;100;15:06:06:866;10.48;1.00
27;100;100;15:06:08:026;11.65;1.02
28;100;100;15:06:08:386;12.02;1.03
29;100;100;15:06:09:306;12.62;1.04
30;100;100;15:06:09:946;13.49;1.06
31;100;100;15:06:10:546;13.95;1.06
32;100;100;15:06:11:506;15.18;1.07
33;100;100;15:06:12:986;16.30;1.09
34;100;100;15:06:13:066;16.74;1.09
35;100;100;15:06:13:706;16.92;1.09
36;100;100;15:06:14:626;18.20;1.10
37;100;100;15:06:15:506;19.20;1.10
38;100;100;15:06:15:866;19.61;1.10
39;100;100;15:06:17:426;21.30;1.11
40;100;100;15:06:17:986;21.22;1.11
41;100;100;15:06:18:986;22.80;1.12
42;100;100;15:06:20:426;23.93;1.12
43;100;100;15:06:20:506;24.25;1.12
44;100;100;15:06:22:066;25.82;1.13
45;100;100;15:06:22:906;26.52;1.14
46;100;100;15:06:23:626;27.38;1.14
47;100;100;15:06:25:186;28.93;1.15
48;100;100;15:06:25:386;28.84;1.15
49;100;100;15:06:26:746;30.46;1.16
50;100;100;15:06:27:826;31.50;1.16
51;100;100;15:06:28:226;31.92;1.17
52;100;100;15:06:29:746;33.38;1.18
53;100;100;15:06:30:306;33.85;1.18
54;100;100;15:06:31:026;34.79;1.18
55;100;100;15:06:32:546;36.24;1.19
56;100;100;15:06:32:786;36.34;1.19
57;100;100;15:06:32:946;36.44;1.19
58;100;100;15:06:34:026;37.66;1.20
59;100;100;15:06:35:266;38.56;1.20
60;100;100;15:06:35:506;39.14;1.20
61;100;100;15:06:36:666;40.60;1.21
62;100;100;15:06:37:746;41.28;1.21
63;100;100;15:06:38:226;42.27;1.22
64;100;100;15:06:39:466;43.69;1.22
65;100;100;15:06:40:226;43.77;1.22
66;100;100;15:06:41:106;45.22;1.23
67;100;100;15:06:42:666;46.91;1.24
68;100;100;15:06:42:706;46.85;1.24
69;100;510;15:06:42:866;46.25;1.24
70;100;100;15:06:42:906;29.87;1.25

x
x;0.000;0.000;0.0;0.0
Index;Element;Marker;Time;Kraft Diff.;Weg
;;;;kN;mm
