buchs
1;2015-10-05;13:41:35;;;0;01:33:00;
30;1;20
0.0;0.0

3o
3o;50.000;40.000;0.0;0.0
Index;Element;Marker;Time;Kraft Diff.;Weg
;;;;kN;mm
1;100;5000;16:07:13:285;1.55;0.00
2;100;100;16:07:13:911;1.55;0.00
3;100;100;16:07:14:511;1.87;0.00
4;100;100;16:07:15:110;1.78;0.00
5;100;100;16:07:15:710;1.63;0.00
6;100;100;16:07:16:310;2.08;0.00
7;100;100;16:07:16:911;1.91;0.00
8;100;100;16:07:17:511;1.88;0.00
9;100;100;16:07:18:110;2.17;0.00
10;100;100;16:07:18:710;2.04;0.00
11;100;100;16:07:19:310;2.08;0.01
12;100;100;16:07:19:911;2.30;0.03
13;100;100;16:07:20:150;1.94;0.05
14;100;100;16:07:20:521;1.95;0.09
15;100;100;16:07:20:620;2.20;0.10
16;100;100;16:07:21:130;2.10;0.15
17;100;100;16:07:21:140;2.04;0.16
18;100;100;16:07:21:351;2.26;0.20
19;100;100;16:07:21:560;1.94;0.26
20;100;100;16:07:21:761;2.19;0.29
21;100;100;16:07:21:921;2.01;0.31
22;100;100;16:07:22:081;2.04;0.36
23;100;100;16:07:22:210;2.19;0.41
24;100;100;16:07:22:390;1.98;0.45
25;100;100;16:07:22:440;2.13;0.46
26;100;100;16:07:22:591;1.90;0.51
27;100;100;16:07:22:761;1.98;0.56
28;100;100;16:07:22:890;2.19;0.61
29;100;100;16:07:23:011;1.90;0.66
30;100;100;16:07:23:040;1.80;0.67
31;100;100;16:07:23:181;2.12;0.72
32;100;100;16:07:23:321;1.97;0.77
33;100;100;16:07:23:431;1.91;0.82
34;100;100;16:07:23:571;2.26;0.87
35;100;100;16:07:23:681;2.05;0.92
36;100;100;16:07:23:690;2.03;0.92
37;100;100;16:07:23:831;2.10;0.98
38;100;100;16:07:23:950;2.27;1.03
39;100;100;16:07:24:071;2.04;1.09
40;100;100;16:07:24:190;2.24;1.14
41;100;100;16:07:24:331;2.36;1.19
42;100;100;16:07:24:341;2.20;1.20
43;100;100;16:07:24:421;2.04;1.24
44;100;100;16:07:24:581;2.35;1.29
45;100;100;16:07:24:671;2.44;1.34
46;100;100;16:07:24:771;2.02;1.40
47;100;100;16:07:24:921;2.37;1.45

x
x;0.000;0.000;0.0;0.0
Index;Element;Marker;Time;Kraft Diff.;Weg
;;;;kN;mm
