artificial coarse g25
1;2015-10-05;13:41:35;;;0;01:33:00;
30;1;20
0.0;0.0

b4
B4;50.000;40.000;0.0;0.0
Index;Element;Marker;Time;Kraft Diff.;Weg
;;;;kN;mm
1;100;5000;12:06:31:902;1.60;0.00
2;100;100;12:06:33:812;1.80;0.00
3;100;5001;12:06:33:862;2.00;0.00
4;100;5002;12:06:41:262;1.98;0.00
5;100;100;12:06:42:812;2.13;0.00
6;100;100;12:06:45:062;1.97;0.05
7;100;100;12:06:45:462;1.98;0.11
8;100;100;12:06:45:862;2.16;0.16
9;100;100;12:06:45:962;2.04;0.18
10;100;100;12:06:46:212;2.03;0.21
11;100;100;12:06:46:412;2.19;0.26
12;100;100;12:06:46:662;2.15;0.32
13;100;100;12:06:46:912;1.98;0.38
14;100;100;12:06:47:112;2.07;0.43
15;100;100;12:06:47:312;2.33;0.49
16;100;100;12:06:47:462;2.02;0.54
17;100;100;12:06:47:662;2.00;0.60
18;100;100;12:06:47:812;2.26;0.65
19;100;100;12:06:47:962;2.05;0.71
20;100;100;12:06:48:162;1.95;0.77
21;100;100;12:06:48:312;2.36;0.83
22;100;100;12:06:48:462;2.19;0.89
23;100;100;12:06:48:612;1.91;0.95
24;100;100;12:06:48:762;2.52;1.00
25;100;100;12:06:48:962;2.75;1.06
26;100;100;12:06:49:162;2.78;1.12
27;100;100;12:06:49:462;2.97;1.17
28;100;100;12:06:49:862;2.88;1.22
29;100;100;12:06:49:912;3.05;1.23
30;100;100;12:06:50:212;3.15;1.25
31;100;100;12:06:50:462;3.03;1.28
32;100;100;12:06:51:212;2.95;1.33
33;100;100;12:06:52:712;3.15;1.38
34;100;100;12:06:53:112;2.99;1.39
35;100;100;12:06:56:112;3.65;1.40
36;100;100;12:06:57:062;3.29;1.43
37;100;100;12:06:57:312;3.55;1.48

x
x;0.000;0.000;0.0;0.0
Index;Element;Marker;Time;Kraft Diff.;Weg
;;;;kN;mm
