artificial coarse g25
1;2015-10-05;13:41:35;;;0;01:33:00;
30;1;20
0.0;0.0

c2
Cplane_A60_3_II;sc3ii;50.000;40.000;0.0;0.0
Index;Element;Marker;Time;Kraft Diff.;Weg
;;;;kN;mm
1;100;5000;16:56:47:308;1.61;0.00
2;100;100;16:56:49:277;1.82;0.00
3;100;100;16:56:52:277;2.13;0.01
4;100;100;16:56:53:677;2.18;0.05
5;100;100;16:56:54:177;2.15;0.10
6;100;100;16:56:54:627;2.09;0.15
7;100;100;16:56:55:027;2.29;0.21
8;100;100;16:56:55:477;2.33;0.26
9;100;100;16:56:55:527;2.18;0.27
10;100;100;16:56:55:828;2.32;0.31
11;100;100;16:56:56:277;2.27;0.37
12;100;100;16:56:56:627;2.39;0.42
13;100;100;16:56:56:977;2.41;0.47
14;100;100;16:56:57:477;2.56;0.53
15;100;100;16:56:57:877;2.44;0.58
16;100;100;16:56:58:277;2.63;0.63
17;100;100;16:56:58:777;2.41;0.70
18;100;100;16:56:58:927;2.07;0.74
19;100;100;16:56:58:977;2.07;0.77
20;100;100;16:56:59:127;2.18;0.84
21;100;100;16:56:59:277;2.20;0.90
22;100;100;16:56:59:427;2.31;0.96
23;100;100;16:56:59:578;2.36;1.02
24;100;100;16:56:59:727;2.35;1.07
25;100;100;16:56:59:877;2.40;1.13
26;100;100;16:57:00:027;2.40;1.19
27;100;100;16:57:00:177;2.59;1.24
28;100;100;16:57:00:328;2.43;1.30
29;100;100;16:57:00:527;2.93;1.36
30;100;100;16:57:00:578;3.08;1.36

x
x;0.000;0.000;0.0;0.0
Index;Element;Marker;Time;Kraft Diff.;Weg
;;;;kN;mm
