buchs
1;2015-10-05;13:41:35;;;0;01:33:00;
30;1;20
0.0;0.0

7p
7p_60_15;50.000;40.000;0.0;0.0
Index;Element;Marker;Time;Kraft Diff.;Weg
;;;;kN;mm
1;100;5000;11:04:00:545;1.76;0.00
2;100;100;11:04:01:113;1.70;0.00
3;100;100;11:04:01:713;1.84;0.00
4;100;100;11:04:02:313;1.78;0.00
5;100;100;11:04:02:913;1.77;0.00
6;100;100;11:04:03:513;1.96;0.00
7;100;100;11:04:04:113;1.96;0.00
8;100;100;11:04:04:713;1.76;0.01
9;100;100;11:04:05:313;2.01;0.01
10;100;100;11:04:05:913;2.25;0.02
11;100;100;11:04:06:513;2.01;0.04
12;100;100;11:04:06:603;2.10;0.05
13;100;100;11:04:07:123;2.08;0.08
14;100;100;11:04:07:303;2.20;0.10
15;100;100;11:04:07:733;2.03;0.15
16;100;100;11:04:07:743;2.15;0.15
17;100;100;11:04:08:163;1.87;0.20
18;100;100;11:04:08:353;2.12;0.23
19;100;100;11:04:08:493;1.96;0.25
20;100;100;11:04:08:763;2.09;0.30
21;100;100;11:04:08:973;2.04;0.35
22;100;100;11:04:08:983;1.84;0.36
23;100;100;11:04:09:163;2.18;0.41
24;100;100;11:04:09:353;1.97;0.46
25;100;100;11:04:09:563;2.02;0.51
26;100;100;11:04:09:613;1.98;0.53
27;100;100;11:04:09:703;2.05;0.56
28;100;100;11:04:09:883;2.01;0.61
29;100;100;11:04:10:023;1.98;0.66
30;100;100;11:04:10:143;2.08;0.71
31;100;100;11:04:10:253;2.03;0.74
32;100;100;11:04:10:313;1.90;0.77
33;100;100;11:04:10:463;2.16;0.82
34;100;100;11:04:10:583;2.24;0.87
35;100;100;11:04:10:703;2.00;0.92
36;100;100;11:04:10:853;2.16;0.98
37;100;100;11:04:10:903;2.05;1.00
38;100;100;11:04:10:973;2.05;1.03
39;100;100;11:04:11:083;1.92;1.08
40;100;100;11:04:11:213;2.17;1.13
41;100;100;11:04:11:343;2.13;1.19

x
x;0.000;0.000;0.0;0.0
Index;Element;Marker;Time;Kraft Diff.;Weg
;;;;kN;mm
