buchs
1;2015-10-05;13:41:35;;;0;01:33:00;
30;1;20
0.0;0.0

5o
5o;50.000;40.000;0.0;0.0
Index;Element;Marker;Time;Kraft Diff.;Weg
;;;;kN;mm
1;100;5000;16:32:04:639;1.32;0.00
2;100;100;16:32:05:081;1.10;0.00
3;100;100;16:32:05:681;1.33;0.00
4;100;100;16:32:06:281;1.35;0.00
5;100;100;16:32:06:881;1.15;0.00
6;100;100;16:32:07:481;1.42;0.00
7;100;100;16:32:08:081;1.56;0.00
8;100;100;16:32:08:681;1.45;0.00
9;100;100;16:32:09:281;1.72;0.00
10;100;100;16:32:09:881;1.61;0.00
11;100;100;16:32:10:481;1.47;0.00
12;100;100;16:32:11:081;1.94;0.00
13;100;100;16:32:11:681;1.78;0.00
14;100;100;16:32:12:281;1.92;0.00
15;100;100;16:32:12:881;2.04;0.00
16;100;100;16:32:13:481;1.83;0.00
17;100;100;16:32:14:081;2.10;0.00
18;100;100;16:32:14:681;2.22;0.00
19;100;100;16:32:15:281;2.11;0.01
20;100;100;16:32:15:881;2.31;0.01
21;100;100;16:32:16:481;2.20;0.02
22;100;100;16:32:17:081;2.17;0.04
23;100;100;16:32:17:311;2.38;0.05
24;100;100;16:32:17:691;2.38;0.08
25;100;100;16:32:18:011;2.41;0.10
26;100;100;16:32:18:301;2.20;0.15
27;100;100;16:32:18:361;2.38;0.16
28;100;100;16:32:18:751;2.40;0.21
29;100;100;16:32:18:921;2.04;0.24
30;100;100;16:32:19:081;2.45;0.26
31;100;100;16:32:19:421;2.40;0.31
32;100;100;16:32:19:541;2.32;0.34
33;100;100;16:32:19:631;2.23;0.36
34;100;100;16:32:19:891;2.43;0.41
35;100;100;16:32:20:091;2.20;0.46
36;100;100;16:32:20:171;2.33;0.48

x
x;0.000;0.000;0.0;0.0
Index;Element;Marker;Time;Kraft Diff.;Weg
;;;;kN;mm
