baerlock
1;2015-10-05;13:41:35;;;0;01:33:00;
30;1;20
0.0;0.0

5p
5p_20_0;50.000;40.000;0.0;0.0
Index;Element;Marker;Time;Kraft Diff.;Weg
;;;;kN;mm
1;100;5000;10:40:49:120;2.96;0.00
2;100;100;10:40:49:245;2.86;0.00
3;100;100;10:40:49:844;3.01;0.00
4;100;100;10:40:50:444;3.43;0.00
5;100;100;10:40:51:044;3.70;0.02
6;100;100;10:40:51:395;3.85;0.03
7;100;100;10:40:51:654;3.88;0.04
8;100;100;10:40:52:254;4.16;0.06
9;100;100;10:40:52:754;4.50;0.08
10;100;100;10:40:52:774;4.63;0.08
11;100;100;10:40:52:875;4.50;0.08
12;100;100;10:40:53:475;4.98;0.10
13;100;100;10:40:54:074;5.10;0.11
14;100;100;10:40:54:674;5.30;0.12
15;100;100;10:40:54:815;5.55;0.13
16;100;100;10:40:55:284;5.68;0.15
17;100;100;10:40:55:544;6.08;0.16
18;100;100;10:40:55:895;6.18;0.16
19;100;100;10:40:56:464;6.21;0.18
20;100;100;10:40:56:504;6.30;0.18
21;100;100;10:40:57:105;6.53;0.19
22;100;100;10:40:57:705;7.01;0.20
23;100;100;10:40:58:304;7.35;0.22
24;100;100;10:40:58:324;7.49;0.22
25;100;100;10:40:58:855;7.32;0.23
26;100;100;10:40:58:924;7.55;0.23
27;100;100;10:40:59:524;7.65;0.25
28;100;100;10:41:00:125;7.94;0.26
29;100;100;10:41:00:725;8.52;0.27
30;100;100;10:41:01:324;8.85;0.27
31;100;100;10:41:01:355;8.97;0.27
32;100;100;10:41:01:844;8.88;0.28
33;100;100;10:41:01:944;8.96;0.28
34;100;100;10:41:02:544;9.36;0.29
35;100;100;10:41:03:145;9.78;0.31
36;100;100;10:41:03:745;10.07;0.32
37;100;100;10:41:03:915;9.75;0.33
38;100;100;10:41:04:074;10.38;0.33
39;100;100;10:41:04:364;10.28;0.34
40;100;100;10:41:04:734;7.80;0.34
41;100;100;10:41:04:765;7.75;0.38
42;100;100;10:41:04:844;8.96;0.44
43;100;100;10:41:04:864;9.37;0.45
44;100;100;10:41:04:915;9.78;0.49
45;100;100;10:41:05:015;10.36;0.53

x
x;0.000;0.000;0.0;0.0
Index;Element;Marker;Time;Kraft Diff.;Weg
;;;;kN;mm
