massongex
1;2015-10-05;13:41:35;;;0;01:33:00;
30;1;20
0.0;0.0

19p
19p_67_30;50.000;40.000;0.0;0.0
Index;Element;Marker;Time;Kraft Diff.;Weg
;;;;kN;mm
1;100;5000;15:47:31:395;1.81;0.00
2;100;100;15:47:32:511;1.94;0.05
3;100;100;15:47:32:711;2.11;0.11
4;100;100;15:47:32:751;2.12;0.12
5;100;100;15:47:32:871;2.01;0.17
6;100;100;15:47:33:031;2.25;0.24
7;100;100;15:47:33:151;1.96;0.30
8;100;100;15:47:33:271;1.84;0.36
9;100;100;15:47:33:351;2.13;0.41
10;100;100;15:47:33:471;2.12;0.49
11;100;100;15:47:33:551;1.95;0.55
12;100;100;15:47:33:671;2.03;0.63
13;100;100;15:47:33:751;2.19;0.69
14;100;100;15:47:33:871;1.97;0.78
15;100;100;15:47:33:951;2.09;0.84
16;100;100;15:47:34:031;3.65;0.90
17;100;100;15:47:34:711;5.17;0.92
18;100;100;15:47:35:671;5.88;0.93
19;100;100;15:47:35:991;6.18;0.95
20;100;100;15:47:36:271;6.68;0.96
21;100;100;15:47:37:311;7.56;1.00
22;100;100;15:47:37:991;8.19;1.01
23;100;100;15:47:38:231;8.31;1.02
24;100;100;15:47:39:471;9.68;1.03
25;100;100;15:47:40:671;10.71;1.04
26;100;100;15:47:40:951;11.16;1.05
27;100;100;15:47:41:271;11.40;1.05
28;100;100;15:47:42:311;12.59;1.06
29;100;100;15:47:43:191;13.22;1.06
30;100;100;15:47:44:031;14.01;1.07
31;100;100;15:47:45:231;15.56;1.08
32;100;100;15:47:45:671;15.77;1.08
33;100;100;15:47:46:671;17.06;1.09
34;100;100;15:47:47:511;17.32;1.10
35;100;100;15:47:48:151;18.16;1.10
36;100;100;15:47:48:391;18.63;1.10
37;100;100;15:47:49:791;20.06;1.11
38;100;100;15:47:50:631;20.87;1.12
39;100;100;15:47:51:231;21.71;1.12
40;100;100;15:47:52:951;23.24;1.13
41;100;100;15:47:53:111;23.01;1.14
42;100;100;15:47:54:351;24.65;1.14
43;100;100;15:47:55:111;25.55;1.15
44;100;100;15:47:55:591;25.82;1.15
45;100;100;15:47:55:791;26.30;1.15
46;100;100;15:47:57:551;28.01;1.16
47;100;100;15:47:58:071;27.94;1.16
48;100;100;15:47:58:991;29.47;1.17
49;100;100;15:48:00:511;30.45;1.18
50;100;100;15:48:00:671;30.88;1.18
51;100;100;15:48:02:111;32.43;1.19
52;100;100;15:48:02:991;33.11;1.20
53;100;100;15:48:03:191;33.58;1.20
54;100;100;15:48:03:471;33.85;1.20
55;100;100;15:48:05:031;35.31;1.21
56;100;100;15:48:05:511;35.86;1.21
57;100;100;15:48:06:471;37.10;1.22
58;100;100;15:48:07:431;38.50;1.22
59;100;100;15:48:07:591;36.78;1.23
60;100;100;15:48:07:751;38.85;1.23
61;100;100;15:48:07:951;37.27;1.23
62;100;100;15:48:08:111;38.56;1.23
63;100;100;15:48:08:151;39.15;1.23
64;100;100;15:48:08:351;37.53;1.23
65;100;100;15:48:08:511;39.92;1.24
66;100;100;15:48:08:671;37.61;1.23
67;100;100;15:48:08:831;39.82;1.24
68;100;100;15:48:09:031;37.79;1.24
69;100;100;15:48:09:151;39.46;1.24
70;100;100;15:48:09:551;41.19;1.25
71;100;100;15:48:09:671;39.42;1.24
72;100;100;15:48:09:871;41.69;1.25
73;100;100;15:48:09:911;41.57;1.25
74;100;100;15:48:09:991;40.15;1.25
75;100;100;15:48:10:071;38.58;1.25
76;100;100;15:48:10:151;40.12;1.25
77;100;100;15:48:10:231;42.05;1.25
78;100;100;15:48:10:351;39.99;1.25
79;100;100;15:48:10:551;42.42;1.25
80;100;100;15:48:10:671;40.70;1.25
81;100;100;15:48:10:751;39.17;1.25
82;100;100;15:48:10:831;40.69;1.25
83;100;100;15:48:10:911;42.79;1.26
84;100;100;15:48:11:031;40.63;1.25
85;100;100;15:48:11:231;43.01;1.26
86;100;100;15:48:11:391;40.15;1.26
87;100;100;15:48:11:471;39.91;1.26
88;100;100;15:48:11:551;42.70;1.26
89;100;100;15:48:11:751;40.25;1.26
90;100;100;15:48:11:871;42.22;1.26
91;100;100;15:48:11:911;43.89;1.26
92;100;100;15:48:12:071;41.04;1.26
93;100;100;15:48:12:231;42.76;1.26
94;100;100;15:48:12:311;44.40;1.26
95;100;100;15:48:12:431;42.86;1.26
96;100;100;15:48:12:511;40.89;1.26
97;100;100;15:48:12:631;43.38;1.26
98;100;100;15:48:12:671;44.86;1.26
99;100;100;15:48:12:791;42.47;1.26
100;100;100;15:48:12:991;44.51;1.26
101;100;100;15:48:13:151;42.63;1.26
102;100;100;15:48:13:391;44.96;1.27
103;100;100;15:48:13:551;42.96;1.26
104;100;100;15:48:13:751;45.78;1.27
105;100;100;15:48:13:911;43.60;1.27
106;100;100;15:48:14:151;46.04;1.27
107;100;100;15:48:14:311;43.68;1.27
108;100;100;15:48:14:551;46.36;1.27
109;100;100;15:48:14:711;44.03;1.27
110;100;100;15:48:14:751;43.08;1.27
111;100;100;15:48:14:911;45.73;1.27
112;100;100;15:48:14:991;47.24;1.27
113;100;100;15:48:15:111;44.78;1.27
114;100;100;15:48:15:151;43.34;1.27
115;100;100;15:48:15:271;45.18;1.27
116;100;100;15:48:15:311;46.95;1.27
117;100;100;15:48:15:511;45.10;1.27
118;100;100;15:48:15:551;43.65;1.27
119;100;100;15:48:15:671;45.71;1.27
120;100;100;15:48:15:711;47.52;1.28
121;100;100;15:48:15:871;46.04;1.27
122;100;100;15:48:15:951;44.03;1.27
123;100;510;15:48:16:031;44.36;1.28

x
x;0.000;0.000;0.0;0.0
Index;Element;Marker;Time;Kraft Diff.;Weg
;;;;kN;mm
