FineGrainedBlock
1;2015-10-05;13:41:35;;;0;01:33:00;
30;1;20
0.0;0.0

b2
B2_0p1kNs;50.000;40.000;0.0;0.0
Index;Element;Marker;Time;Kraft Diff.;Weg
;;;;kN;mm
1;100;5000;15:08:12:703;1.75;0.00
2;100;100;15:08:13:075;1.54;0.00
3;100;100;15:08:13:375;1.70;0.00
4;100;100;15:08:13:675;1.61;0.00
5;100;100;15:08:13:975;1.84;0.00
6;100;100;15:08:14:275;1.84;0.00
7;100;100;15:08:14:575;1.75;0.00
8;100;100;15:08:14:875;1.86;0.00
9;100;100;15:08:15:175;1.68;0.00
10;100;100;15:08:15:475;1.86;0.00
11;100;100;15:08:15:775;1.82;0.01
12;100;100;15:08:16:075;1.96;0.02
13;100;100;15:08:16:375;1.97;0.03
14;100;100;15:08:16:645;1.87;0.05
15;100;100;15:08:16:680;1.75;0.05
16;100;100;15:08:16:980;1.83;0.08
17;100;100;15:08:17:280;1.82;0.09
18;100;100;15:08:17:335;1.77;0.10
19;100;100;15:08:17:585;1.75;0.15
20;100;100;15:08:17:590;1.86;0.15
21;100;100;15:08:17:880;1.80;0.20
22;100;100;15:08:17:895;1.72;0.20
23;100;100;15:08:18:165;1.84;0.25
24;100;100;15:08:18:200;1.91;0.26
25;100;100;15:08:18:360;1.77;0.30
26;100;100;15:08:18:505;1.83;0.33
27;100;100;15:08:18:620;1.81;0.35
28;100;100;15:08:18:810;1.69;0.40
29;100;100;15:08:18:820;1.80;0.40
30;100;100;15:08:19:000;1.87;0.46
31;100;100;15:08:19:120;1.76;0.49
32;100;100;15:08:19:180;1.77;0.51
33;100;100;15:08:19:360;1.78;0.56
34;100;100;15:08:19:430;1.75;0.58
35;100;100;15:08:19:525;1.88;0.61
36;100;100;15:08:19:640;1.98;0.66
37;100;100;15:08:19:740;1.84;0.68
38;100;100;15:08:19:885;1.80;0.71
39;100;100;15:08:19:960;1.89;0.76
40;100;100;15:08:20:050;1.94;0.80
41;100;100;15:08:20:090;1.91;0.81
42;100;100;15:08:20:260;1.89;0.86
43;100;100;15:08:20:360;1.98;0.90
44;100;100;15:08:20:385;1.92;0.91
45;100;100;15:08:20:525;2.02;0.96
46;100;100;15:08:20:670;2.29;1.01
47;100;100;15:08:20:675;2.10;1.01
48;100;100;15:08:20:875;2.29;1.06
49;100;100;15:08:20:980;2.47;1.08
50;100;100;15:08:21:240;2.47;1.11
51;100;100;15:08:21:285;2.46;1.12
52;100;100;15:08:21:585;2.58;1.15
53;100;100;15:08:21:800;2.68;1.16
54;100;100;15:08:21:890;2.67;1.17
55;100;100;15:08:22:190;2.59;1.19
56;100;100;15:08:22:490;2.68;1.21
57;100;100;15:08:22:615;2.74;1.21
58;100;100;15:08:22:795;2.78;1.22
59;100;100;15:08:23:095;2.85;1.23
60;100;100;15:08:23:395;2.75;1.24
61;100;100;15:08:23:695;2.84;1.24
62;100;100;15:08:23:995;2.88;1.25
63;100;100;15:08:24:295;2.99;1.25
64;100;100;15:08:24:380;3.06;1.26
65;100;100;15:08:24:480;2.95;1.26
66;100;100;15:08:24:605;2.96;1.27
67;100;100;15:08:24:905;3.05;1.27
68;100;100;15:08:25:205;2.94;1.28
69;100;100;15:08:25:505;2.96;1.28
70;100;100;15:08:25:805;2.92;1.29
71;100;100;15:08:26:105;3.03;1.30
72;100;100;15:08:26:405;3.07;1.31
73;100;100;15:08:26:530;3.12;1.31
74;100;100;15:08:26:710;3.00;1.32
75;100;100;15:08:27:010;2.99;1.32
76;100;100;15:08:27:310;3.17;1.33
77;100;100;15:08:27:610;3.30;1.33
78;100;100;15:08:27:910;3.17;1.34
79;100;100;15:08:28:210;3.25;1.36
80;100;100;15:08:28:275;3.06;1.36
81;100;100;15:08:28:515;3.25;1.37
82;100;100;15:08:28:815;3.29;1.38
83;100;100;15:08:29:115;3.27;1.39
84;100;100;15:08:29:415;3.33;1.41
85;100;100;15:08:29:685;3.23;1.41
86;100;100;15:08:29:720;3.27;1.41
87;100;100;15:08:30:020;3.49;1.42
88;100;100;15:08:30:320;3.29;1.43
89;100;100;15:08:30:620;3.34;1.44
90;100;100;15:08:30:920;3.41;1.45
91;100;100;15:08:31:005;3.49;1.46
92;100;100;15:08:31:225;3.53;1.48
93;100;100;15:08:31:525;3.45;1.49
94;100;100;15:08:31:825;3.36;1.50
95;100;100;15:08:31:965;3.62;1.51
96;100;100;15:08:32:130;3.51;1.53
97;100;100;15:08:32:430;3.55;1.55
98;100;100;15:08:32:730;3.43;1.56
99;100;100;15:08:32:910;3.57;1.56
100;100;100;15:08:33:035;3.70;1.57
101;100;100;15:08:33:335;3.61;1.59
102;100;100;15:08:33:635;3.61;1.61
103;100;100;15:08:33:645;3.57;1.61
104;100;100;15:08:33:940;3.64;1.64
105;100;100;15:08:34:240;3.84;1.66
106;100;100;15:08:34:340;3.83;1.66
107;100;100;15:08:34:545;3.71;1.67
108;100;100;15:08:34:845;3.76;1.69
109;100;100;15:08:34:930;2.50;1.71
110;100;100;15:08:34:990;2.44;1.77
111;100;100;15:08:35:070;2.54;1.82
112;100;100;15:08:35:150;2.54;1.87
113;100;100;15:08:35:165;2.78;1.88
114;100;100;15:08:35:235;2.88;1.92
115;100;100;15:08:35:320;3.00;1.97
116;100;100;15:08:35:415;3.06;2.02
117;100;100;15:08:35:480;3.02;2.06
118;100;100;15:08:35:500;2.93;2.07

x
x;0.000;0.000;0.0;0.0
Index;Element;Marker;Time;Kraft Diff.;Weg
;;;;kN;mm
