FineGrainedBlock
1;2015-10-05;13:41:35;;;0;01:33:00;
30;1;20
0.0;0.0

a8
A8_0p1kNs;50.000;40.000;0.0;0.0
Index;Element;Marker;Time;Kraft Diff.;Weg
;;;;kN;mm
1;100;5000;14:49:52:329;1.53;0.00
2;100;100;14:49:52:517;1.42;0.00
3;100;100;14:49:52:817;1.46;0.00
4;100;100;14:49:53:116;1.64;0.00
5;100;100;14:49:53:416;1.56;0.00
6;100;100;14:49:53:716;1.68;0.00
7;100;100;14:49:54:017;1.66;0.00
8;100;100;14:49:54:317;1.61;0.00
9;100;100;14:49:54:616;1.67;0.00
10;100;100;14:49:54:916;1.62;0.00
11;100;100;14:49:55:216;1.82;0.00
12;100;100;14:49:55:517;1.82;0.01
13;100;100;14:49:55:817;1.81;0.01
14;100;100;14:49:56:116;1.75;0.03
15;100;100;14:49:56:416;1.63;0.05
16;100;100;14:49:56:461;1.76;0.05
17;100;100;14:49:56:722;1.92;0.07
18;100;100;14:49:57:022;1.83;0.09
19;100;100;14:49:57:222;1.77;0.10
20;100;100;14:49:57:326;1.72;0.11
21;100;100;14:49:57:626;1.80;0.14
22;100;100;14:49:57:746;1.66;0.15
23;100;100;14:49:57:932;1.73;0.18
24;100;100;14:49:58:067;1.76;0.20
25;100;100;14:49:58:237;1.91;0.23
26;100;100;14:49:58:371;1.78;0.25
27;100;100;14:49:58:541;1.72;0.27
28;100;100;14:49:58:711;1.70;0.31
29;100;100;14:49:58:847;1.69;0.34
30;100;100;14:49:58:921;1.78;0.36
31;100;100;14:49:59:102;1.78;0.41
32;100;100;14:49:59:156;1.67;0.42
33;100;100;14:49:59:392;1.69;0.46
34;100;100;14:49:59:461;1.90;0.47
35;100;100;14:49:59:546;1.72;0.51
36;100;100;14:49:59:666;1.77;0.56
37;100;100;14:49:59:772;1.81;0.59
38;100;100;14:49:59:862;1.72;0.61
39;100;100;14:50:00:011;1.68;0.66
40;100;100;14:50:00:081;1.84;0.69
41;100;100;14:50:00:161;1.90;0.71
42;100;100;14:50:00:291;1.68;0.76
43;100;100;14:50:00:392;1.80;0.81
44;100;100;14:50:00:411;1.82;0.82
45;100;100;14:50:00:571;1.84;0.87
46;100;100;14:50:00:701;1.62;0.92
47;100;100;14:50:00:711;1.73;0.92
48;100;100;14:50:00:812;1.77;0.97
49;100;100;14:50:00:966;1.86;1.02
50;100;100;14:50:01:017;2.03;1.04
51;100;100;14:50:01:107;1.98;1.07
52;100;100;14:50:01:261;2.12;1.12
53;100;100;14:50:01:326;2.25;1.14
54;100;100;14:50:01:442;2.32;1.17
55;100;100;14:50:01:631;2.37;1.20
56;100;100;14:50:01:751;2.46;1.22
57;100;100;14:50:01:937;2.48;1.25
58;100;100;14:50:02:156;2.59;1.27
59;100;100;14:50:02:241;2.74;1.28
60;100;100;14:50:02:541;2.72;1.31
61;100;100;14:50:02:841;2.73;1.32
62;100;100;14:50:03:071;2.67;1.32
63;100;100;14:50:03:147;2.82;1.33
64;100;100;14:50:03:446;2.88;1.34
65;100;100;14:50:03:746;2.79;1.34
66;100;100;14:50:04:046;2.84;1.35
67;100;100;14:50:04:347;2.78;1.36
68;100;100;14:50:04:456;3.00;1.36
69;100;100;14:50:04:652;2.94;1.37
70;100;100;14:50:04:951;2.93;1.37
71;100;100;14:50:05:017;2.82;1.38
72;100;100;14:50:05:256;2.92;1.38
73;100;100;14:50:05:557;3.06;1.39
74;100;100;14:50:05:857;3.17;1.39
75;100;100;14:50:06:156;3.01;1.40
76;100;100;14:50:06:456;3.02;1.40
77;100;100;14:50:06:756;2.87;1.41
78;100;100;14:50:07:057;3.09;1.41
79;100;100;14:50:07:357;3.00;1.41
80;100;100;14:50:07:656;3.17;1.42
81;100;100;14:50:07:956;3.18;1.42
82;100;100;14:50:07:982;2.93;1.43
83;100;100;14:50:08:262;3.14;1.43
84;100;100;14:50:08:562;3.21;1.43
85;100;100;14:50:08:862;3.18;1.43
86;100;100;14:50:09:161;3.28;1.44
87;100;100;14:50:09:461;3.24;1.44
88;100;100;14:50:09:762;3.25;1.45
89;100;100;14:50:10:062;3.21;1.46
90;100;100;14:50:10:291;3.06;1.48
91;100;100;14:50:10:366;2.41;1.51
92;100;100;14:50:10:392;2.35;1.53
93;100;100;14:50:10:501;2.44;1.58
94;100;100;14:50:10:616;2.51;1.63
95;100;100;14:50:10:682;2.82;1.66
96;100;100;14:50:10:756;2.88;1.68
97;100;100;14:50:10:897;2.84;1.73
98;100;100;14:50:10:991;2.95;1.75
99;100;100;14:50:11:062;2.61;1.78
100;100;100;14:50:11:166;2.78;1.83
101;100;100;14:50:11:272;2.85;1.88
102;100;100;14:50:11:307;2.79;1.90
103;100;100;14:50:11:397;2.84;1.93
104;100;100;14:50:11:531;3.00;1.99

x
x;0.000;0.000;0.0;0.0
Index;Element;Marker;Time;Kraft Diff.;Weg
;;;;kN;mm
