artificial coarse g25
1;2015-10-05;13:41:35;;;0;01:33:00;
30;1;20
0.0;0.0

b12
B12;50.000;40.000;0.0;0.0
Index;Element;Marker;Time;Kraft Diff.;Weg
;;;;kN;mm
1;100;5000;15:27:24:658;1.66;0.00
2;100;100;15:27:25:201;1.94;0.00
3;100;100;15:27:25:801;1.90;0.00
4;100;100;15:27:26:401;1.78;0.00
5;100;100;15:27:27:001;1.87;0.00
6;100;100;15:27:27:601;2.04;0.00
7;100;100;15:27:28:201;2.07;0.00
8;100;100;15:27:28:801;1.96;0.01
9;100;100;15:27:29:401;2.08;0.02
10;100;100;15:27:30:001;2.26;0.05
11;100;100;15:27:30:111;2.01;0.05
12;100;100;15:27:30:551;2.03;0.10
13;100;100;15:27:30:621;2.33;0.11
14;100;100;15:27:30:981;2.17;0.15
15;100;100;15:27:31:231;1.96;0.20
16;100;100;15:27:31:241;2.05;0.21
17;100;100;15:27:31:531;1.89;0.26
18;100;100;15:27:31:731;2.15;0.31
19;100;100;15:27:31:861;1.90;0.32
20;100;100;15:27:31:991;2.05;0.36
21;100;100;15:27:32:191;1.73;0.41
22;100;100;15:27:32:371;2.17;0.46
23;100;100;15:27:32:491;2.01;0.49
24;100;100;15:27:32:531;1.78;0.51
25;100;100;15:27:32:701;2.15;0.56
26;100;100;15:27:32:851;1.80;0.62
27;100;100;15:27:32:991;2.09;0.67
28;100;100;15:27:33:131;2.04;0.71
29;100;100;15:27:33:151;1.97;0.72
30;100;100;15:27:33:291;2.04;0.77
31;100;100;15:27:33:411;2.01;0.83
32;100;100;15:27:33:561;2.09;0.88
33;100;100;15:27:33:711;2.45;0.93
34;100;100;15:27:33:781;2.15;0.96
35;100;100;15:27:33:851;2.24;0.98
36;100;100;15:27:34:061;2.59;1.03
37;100;100;15:27:34:261;2.45;1.09
38;100;100;15:27:34:411;2.74;1.11
39;100;100;15:27:34:611;2.69;1.14
40;100;100;15:27:34:901;2.74;1.19
41;100;100;15:27:35:011;2.96;1.20
42;100;100;15:27:35:041;3.01;1.21
43;100;100;15:27:35:351;2.99;1.24
44;100;100;15:27:35:651;2.85;1.26
45;100;100;15:27:35:781;2.39;1.29
46;100;100;15:27:35:901;1.98;1.34
47;100;100;15:27:36:041;2.48;1.40
48;100;100;15:27:36:171;2.51;1.45

x
x;0.000;0.000;0.0;0.0
Index;Element;Marker;Time;Kraft Diff.;Weg
;;;;kN;mm
