buchs
1;2015-10-05;13:41:35;;;0;01:33:00;
30;1;20
0.0;0.0

2o
2o;50.000;40.000;0.0;0.0
Index;Element;Marker;Time;Kraft Diff.;Weg
;;;;kN;mm
1;100;5000;16:19:30:234;1.20;0.00
2;100;100;16:19:30:771;1.21;0.00
3;100;100;16:19:31:371;1.43;0.00
4;100;100;16:19:31:971;1.34;0.00
5;100;100;16:19:32:571;1.70;0.00
6;100;100;16:19:33:171;1.52;0.00
7;100;100;16:19:33:771;1.68;0.00
8;100;100;16:19:34:371;1.74;0.00
9;100;100;16:19:34:971;1.66;0.00
10;100;100;16:19:35:571;1.94;0.00
11;100;100;16:19:36:171;1.72;0.00
12;100;100;16:19:36:771;2.03;0.00
13;100;100;16:19:37:371;2.04;0.00
14;100;100;16:19:37:971;1.95;0.00
15;100;100;16:19:38:571;2.20;0.00
16;100;100;16:19:39:171;2.01;0.01
17;100;100;16:19:39:771;2.20;0.04
18;100;100;16:19:40:001;2.24;0.05
19;100;100;16:19:40:381;2.16;0.09
20;100;100;16:19:40:521;1.94;0.10
21;100;100;16:19:40:921;1.94;0.15
22;100;100;16:19:41:001;1.94;0.17
23;100;100;16:19:41:241;2.05;0.20
24;100;100;16:19:41:551;2.13;0.25
25;100;100;16:19:41:621;2.08;0.26
26;100;100;16:19:41:781;2.03;0.31
27;100;100;16:19:41:991;2.09;0.36
28;100;100;16:19:42:231;2.27;0.41
29;100;100;16:19:42:251;2.19;0.42
30;100;100;16:19:42:401;2.11;0.46
31;100;100;16:19:42:621;2.12;0.51
32;100;100;16:19:42:811;2.04;0.56
33;100;100;16:19:42:881;1.90;0.59
34;100;100;16:19:42:971;2.26;0.61
35;100;100;16:19:43:111;2.05;0.67
36;100;100;16:19:43:301;2.11;0.72
37;100;100;16:19:43:431;2.20;0.77
38;100;100;16:19:43:521;1.87;0.82
39;100;100;16:19:43:531;1.97;0.83
40;100;100;16:19:43:741;2.27;0.88
41;100;100;16:19:43:811;2.01;0.94
42;100;100;16:19:43:941;2.05;0.99
43;100;100;16:19:44:081;2.33;1.04
44;100;100;16:19:44:171;2.25;1.08
45;100;100;16:19:44:201;2.03;1.09
46;100;100;16:19:44:321;1.95;1.14
47;100;100;16:19:44:421;2.38;1.20

x
x;0.000;0.000;0.0;0.0
Index;Element;Marker;Time;Kraft Diff.;Weg
;;;;kN;mm
