buchs
1;2015-10-05;13:41:35;;;0;01:33:00;
30;1;20
0.0;0.0

3p
3p_0_15;50.000;40.000;0.0;0.0
Index;Element;Marker;Time;Kraft Diff.;Weg
;;;;kN;mm
1;100;5000;12:21:10:260;1.63;0.00
2;100;100;12:21:10:808;1.78;0.00
3;100;100;12:21:11:408;1.73;0.00
4;100;100;12:21:12:008;1.73;0.00
5;100;100;12:21:12:608;2.07;0.00
6;100;100;12:21:13:208;1.89;0.00
7;100;100;12:21:13:808;2.10;0.00
8;100;100;12:21:14:408;2.01;0.01
9;100;100;12:21:15:008;2.02;0.02
10;100;100;12:21:15:608;2.30;0.05
11;100;100;12:21:15:628;2.20;0.05
12;100;100;12:21:16:218;1.96;0.09
13;100;100;12:21:16:298;2.16;0.10
14;100;100;12:21:16:808;2.09;0.15
15;100;100;12:21:16:838;2.10;0.16
16;100;100;12:21:17:138;2.20;0.20
17;100;100;12:21:17:448;2.20;0.25
18;100;100;12:21:17:458;2.15;0.25
19;100;100;12:21:17:668;1.91;0.30
20;100;100;12:21:17:948;2.03;0.36
21;100;100;12:21:18:078;2.01;0.39
22;100;100;12:21:18:128;2.15;0.41
23;100;100;12:21:18:368;1.87;0.46
24;100;100;12:21:18:548;2.17;0.51
25;100;100;12:21:18:708;1.98;0.56
26;100;100;12:21:18:718;2.02;0.56
27;100;100;12:21:18:888;2.12;0.62
28;100;100;12:21:19:058;2.07;0.67
29;100;100;12:21:19:198;1.97;0.72
30;100;100;12:21:19:338;2.13;0.77
31;100;100;12:21:19:358;2.13;0.78
32;100;100;12:21:19:498;1.86;0.82
33;100;100;12:21:19:638;2.04;0.88
34;100;100;12:21:19:758;2.12;0.93
35;100;100;12:21:19:908;2.00;0.99
36;100;100;12:21:19:998;2.25;1.02
37;100;100;12:21:20:038;2.15;1.04
38;100;100;12:21:20:148;2.26;1.09
39;100;100;12:21:20:298;2.03;1.14
40;100;100;12:21:20:418;2.40;1.19
41;100;100;12:21:20:598;2.25;1.24
42;100;100;12:21:20:648;2.16;1.26
43;100;100;12:21:20:698;2.17;1.29
44;100;100;12:21:20:828;2.44;1.35
45;100;100;12:21:20:958;2.15;1.40
46;100;100;12:21:21:078;2.40;1.45

x
x;0.000;0.000;0.0;0.0
Index;Element;Marker;Time;Kraft Diff.;Weg
;;;;kN;mm
