buchs
1;2015-10-05;13:41:35;;;0;01:33:00;
30;1;20
0.0;0.0

1p
1p_45_15;50.000;40.000;0.0;0.0
Index;Element;Marker;Time;Kraft Diff.;Weg
;;;;kN;mm
1;100;5000;12:08:35:457;1.72;0.00
2;100;100;12:08:36:095;1.77;0.00
3;100;100;12:08:36:695;1.76;0.00
4;100;100;12:08:37:295;1.67;0.00
5;100;100;12:08:37:895;1.90;0.00
6;100;100;12:08:38:495;1.80;0.00
7;100;100;12:08:39:095;2.07;0.00
8;100;100;12:08:39:695;1.96;0.00
9;100;100;12:08:40:295;1.97;0.00
10;100;100;12:08:40:895;2.19;0.00
11;100;100;12:08:41:495;2.10;0.01
12;100;100;12:08:42:095;2.22;0.02
13;100;100;12:08:42:695;2.00;0.04
14;100;100;12:08:42:815;2.17;0.05
15;100;100;12:08:43:175;2.15;0.10
16;100;100;12:08:43:315;2.31;0.12
17;100;100;12:08:43:555;2.08;0.15
18;100;100;12:08:43:835;1.92;0.20
19;100;100;12:08:43:935;2.15;0.22
20;100;100;12:08:44:125;2.00;0.25
21;100;100;12:08:44:355;2.12;0.30
22;100;100;12:08:44:555;1.98;0.35
23;100;100;12:08:44:565;2.09;0.36
24;100;100;12:08:44:755;2.24;0.41
25;100;100;12:08:44:945;1.88;0.46
26;100;100;12:08:45:105;2.20;0.51
27;100;100;12:08:45:195;2.09;0.54
28;100;100;12:08:45:265;2.15;0.56
29;100;100;12:08:45:445;2.16;0.61
30;100;100;12:08:45:605;2.19;0.66
31;100;100;12:08:45:745;2.01;0.72
32;100;100;12:08:45:835;2.20;0.75
33;100;100;12:08:45:905;2.19;0.77
34;100;100;12:08:46:045;2.00;0.82
35;100;100;12:08:46:165;2.11;0.88
36;100;100;12:08:46:325;2.20;0.93
37;100;100;12:08:46:445;1.94;0.98
38;100;100;12:08:46:485;2.05;0.99
39;100;100;12:08:46:605;2.32;1.03
40;100;100;12:08:46:715;2.32;1.09
41;100;100;12:08:46:865;2.22;1.14
42;100;100;12:08:46:995;2.50;1.19
43;100;100;12:08:47:125;2.27;1.24

x
x;0.000;0.000;0.0;0.0
Index;Element;Marker;Time;Kraft Diff.;Weg
;;;;kN;mm
