artificial coarse g25
1;2015-10-05;13:41:35;;;0;01:33:00;
30;1;20
0.0;0.0

b10
B10;50.000;40.000;0.0;0.0
Index;Element;Marker;Time;Kraft Diff.;Weg
;;;;kN;mm
1;100;5000;15:12:26:804;1.52;0.00
2;100;100;15:12:28:703;1.43;0.00
3;100;100;15:12:31:703;1.62;0.00
4;100;100;15:12:34:703;1.87;0.00
5;100;100;15:12:36:354;2.18;0.05
6;100;100;15:12:36:953;1.89;0.10
7;100;100;15:12:37:453;2.09;0.16
8;100;100;15:12:37:703;1.89;0.21
9;100;100;15:12:37:904;2.16;0.25
10;100;100;15:12:37:953;2.17;0.26
11;100;100;15:12:38:254;2.10;0.32
12;100;100;15:12:38:453;1.84;0.37
13;100;100;15:12:38:654;2.19;0.43
14;100;100;15:12:38:854;2.02;0.49
15;100;100;15:12:39:054;2.18;0.55
16;100;100;15:12:39:254;1.98;0.61
17;100;100;15:12:39:404;2.10;0.67
18;100;100;15:12:39:604;1.88;0.73
19;100;100;15:12:39:754;2.27;0.79
20;100;100;15:12:39:953;2.15;0.85
21;100;100;15:12:40:154;2.53;0.90
22;100;100;15:12:40:453;2.61;0.96
23;100;100;15:12:40:703;2.57;1.01
24;100;100;15:12:41:054;2.50;1.06
25;100;100;15:12:41:453;2.65;1.11
26;100;100;15:12:41:554;2.97;1.13
27;100;100;15:12:41:754;2.16;1.17
28;100;100;15:12:41:804;2.04;1.18
29;100;100;15:12:41:904;2.18;1.24
30;100;100;15:12:42:054;2.31;1.31
31;100;100;15:12:42:203;2.40;1.36

x
x;0.000;0.000;0.0;0.0
Index;Element;Marker;Time;Kraft Diff.;Weg
;;;;kN;mm
