FineGrainedBlock
1;2015-10-05;13:41:35;;;0;01:33:00;
30;1;20
0.0;0.0

a9
A9_0p1kNs;50.000;40.000;0.0;0.0
Index;Element;Marker;Time;Kraft Diff.;Weg
;;;;kN;mm
1;100;5000;14:56:32:430;1.45;0.00
2;100;100;14:56:32:658;1.40;0.00
3;100;100;14:56:32:958;1.29;0.00
4;100;100;14:56:33:258;1.28;0.00
5;100;100;14:56:33:558;1.60;0.00
6;100;100;14:56:33:858;1.49;0.00
7;100;100;14:56:34:158;1.67;0.00
8;100;100;14:56:34:458;1.56;0.00
9;100;100;14:56:34:758;1.55;0.00
10;100;100;14:56:35:058;1.59;0.00
11;100;100;14:56:35:358;1.57;0.00
12;100;100;14:56:35:658;1.78;0.00
13;100;100;14:56:35:958;1.70;0.00
14;100;100;14:56:36:258;1.81;0.00
15;100;100;14:56:36:558;1.82;0.00
16;100;100;14:56:36:858;1.61;0.00
17;100;100;14:56:37:158;1.82;0.01
18;100;100;14:56:37:458;1.81;0.01
19;100;100;14:56:37:758;1.92;0.02
20;100;100;14:56:38:058;1.94;0.03
21;100;100;14:56:38:358;1.87;0.04
22;100;100;14:56:38:438;1.84;0.05
23;100;100;14:56:38:663;1.90;0.06
24;100;100;14:56:38:963;1.84;0.08
25;100;100;14:56:39:153;1.75;0.10
26;100;100;14:56:39:268;1.75;0.11
27;100;100;14:56:39:513;1.70;0.15
28;100;100;14:56:39:573;1.80;0.16
29;100;100;14:56:39:838;1.83;0.20
30;100;100;14:56:39:878;1.81;0.20
31;100;100;14:56:40:163;1.74;0.25
32;100;100;14:56:40:183;1.75;0.25
33;100;100;14:56:40:383;1.86;0.30
34;100;100;14:56:40:488;1.95;0.32
35;100;100;14:56:40:548;1.96;0.35
36;100;100;14:56:40:793;1.66;0.39
37;100;100;14:56:40:873;1.66;0.40
38;100;100;14:56:41:008;1.66;0.45
39;100;100;14:56:41:103;1.74;0.49
40;100;100;14:56:41:133;1.83;0.50
41;100;100;14:56:41:333;1.78;0.55
42;100;100;14:56:41:413;1.74;0.58
43;100;100;14:56:41:488;1.76;0.60
44;100;100;14:56:41:638;1.78;0.65
45;100;100;14:56:41:723;1.74;0.68
46;100;100;14:56:41:778;1.72;0.70
47;100;100;14:56:41:903;1.73;0.75
48;100;100;14:56:42:033;1.84;0.79
49;100;100;14:56:42:078;1.77;0.80
50;100;100;14:56:42:233;1.73;0.86
51;100;100;14:56:42:343;1.87;0.91
52;100;100;14:56:42:348;1.70;0.91
53;100;100;14:56:42:498;1.87;0.96
54;100;100;14:56:42:633;1.88;1.01
55;100;100;14:56:42:658;1.92;1.02
56;100;100;14:56:42:798;2.11;1.06
57;100;100;14:56:42:953;2.10;1.11
58;100;100;14:56:42:968;2.11;1.12
59;100;100;14:56:43:168;2.26;1.16
60;100;100;14:56:43:273;2.32;1.19
61;100;100;14:56:43:368;2.41;1.21
62;100;100;14:56:43:578;2.57;1.26
63;100;100;14:56:43:653;2.43;1.26
64;100;100;14:56:43:883;2.47;1.29
65;100;100;14:56:44:003;2.54;1.32
66;100;100;14:56:44:188;2.56;1.34
67;100;100;14:56:44:453;2.87;1.36
68;100;100;14:56:44:493;2.80;1.36
69;100;100;14:56:44:518;2.66;1.37
70;100;100;14:56:44:798;2.72;1.37
71;100;100;14:56:45:098;2.56;1.40
72;100;100;14:56:45:148;2.38;1.42
73;100;100;14:56:45:273;2.03;1.47
74;100;100;14:56:45:383;1.90;1.52
75;100;100;14:56:45:413;2.02;1.53
76;100;100;14:56:45:493;2.09;1.57
77;100;100;14:56:45:603;2.05;1.62
78;100;100;14:56:45:703;2.09;1.67
79;100;100;14:56:45:728;2.09;1.67
80;100;100;14:56:45:828;2.07;1.72

x
x;0.000;0.000;0.0;0.0
Index;Element;Marker;Time;Kraft Diff.;Weg
;;;;kN;mm
