artificial coarse g25
1;2015-10-05;13:41:35;;;0;01:33:00;
30;1;20
0.0;0.0

b2
Bplane_2;50.000;40.000;0.0;0.0
Index;Element;Marker;Time;Kraft Diff.;Weg
;;;;kN;mm
1;100;5000;16:55:51:181;1.81;0.00
2;100;100;16:55:53:130;1.89;0.00
3;100;100;16:55:56:130;1.82;0.00
4;100;100;16:55:58:431;2.31;0.06
5;100;100;16:55:58:830;2.02;0.11
6;100;100;16:55:59:230;2.23;0.16
7;100;100;16:55:59:281;2.19;0.17
8;100;100;16:55:59:480;2.29;0.22
9;100;100;16:55:59:781;2.09;0.28
10;100;100;16:56:00:080;2.08;0.35
11;100;100;16:56:00:281;2.30;0.40
12;100;100;16:56:00:480;2.05;0.46
13;100;100;16:56:00:681;1.77;0.52
14;100;100;16:56:00:880;2.07;0.58
15;100;100;16:56:01:031;2.07;0.63
16;100;100;16:56:01:230;1.94;0.70
17;100;100;16:56:01:380;2.50;0.75
18;100;100;16:56:01:580;2.50;0.82
19;100;100;16:56:01:830;2.74;0.87
20;100;100;16:56:02:880;2.95;0.90
21;100;100;16:56:05:431;3.38;0.91
22;100;100;16:56:05:931;3.28;0.91
23;100;100;16:56:08:181;3.45;0.92
24;100;100;16:56:08:980;3.46;0.92
25;100;100;16:56:11:980;3.82;0.94
26;100;100;16:56:14:980;4.14;0.95
27;100;100;16:56:17:980;4.24;0.96
28;100;100;16:56:20:330;4.46;0.97
29;100;100;16:56:21:031;4.53;0.97
30;100;100;16:56:21:580;4.80;0.98
31;100;100;16:56:24:080;4.90;0.98
32;100;100;16:56:27:080;5.37;0.99
33;100;100;16:56:30:080;5.61;1.00
34;100;100;16:56:33:080;5.93;1.00
35;100;100;16:56:35:781;6.24;1.02
36;100;100;16:56:35:830;6.02;1.02
37;100;100;16:56:36:181;5.93;1.02
38;100;100;16:56:39:181;6.35;1.04
39;100;100;16:56:42:181;6.79;1.06
40;100;100;16:56:43:730;6.66;1.07
41;100;100;16:56:45:230;7.06;1.08
42;100;100;16:56:48:230;6.99;1.10
43;100;100;16:56:50:031;7.72;1.11
44;100;100;16:56:51:281;7.49;1.12
45;100;100;16:56:51:431;7.54;1.12
46;100;100;16:56:51:681;3.28;1.17
47;100;100;16:56:51:730;3.07;1.21
48;100;100;16:56:51:830;3.79;1.31
49;100;100;16:56:51:880;7.02;1.34
50;100;100;16:56:54:531;8.09;1.35

x
x;0.000;0.000;0.0;0.0
Index;Element;Marker;Time;Kraft Diff.;Weg
;;;;kN;mm
