artificial coarse g25
1;2015-10-05;13:41:35;;;0;01:33:00;
30;1;20
0.0;0.0

b8
B8;50.000;40.000;0.0;0.0
Index;Element;Marker;Time;Kraft Diff.;Weg
;;;;kN;mm
1;100;5000;14:47:30:418;1.81;0.00
2;100;100;14:47:32:662;1.98;0.00
3;100;100;14:47:34:962;2.24;0.05
4;100;100;14:47:35:662;2.13;0.11
5;100;100;14:47:35:762;2.00;0.12
6;100;100;14:47:36:112;1.91;0.16
7;100;100;14:47:36:412;1.91;0.21
8;100;100;14:47:36:762;1.84;0.27
9;100;100;14:47:37:012;2.11;0.33
10;100;100;14:47:37:262;2.18;0.38
11;100;100;14:47:37:462;1.91;0.44
12;100;100;14:47:37:662;2.16;0.49
13;100;100;14:47:37:812;1.78;0.55
14;100;100;14:47:38:012;2.01;0.61
15;100;100;14:47:38:162;1.92;0.66
16;100;100;14:47:38:362;2.10;0.73
17;100;100;14:47:38:512;2.10;0.78
18;100;100;14:47:38:712;2.11;0.85
19;100;100;14:47:38:862;2.01;0.91
20;100;100;14:47:39:012;2.08;0.96
21;100;100;14:47:39:162;2.22;1.02
22;100;100;14:47:39:362;2.18;1.08
23;100;100;14:47:39:512;2.41;1.14
24;100;100;14:47:39:662;2.44;1.17
25;100;100;14:47:39:762;2.45;1.19
26;100;100;14:47:39:962;2.65;1.25
27;100;100;14:47:40:312;2.65;1.30
28;100;100;14:47:40:612;2.90;1.35
29;100;100;14:47:40:862;3.07;1.39
30;100;100;14:47:41:012;2.72;1.40
31;100;100;14:47:41:562;3.07;1.45
32;100;100;14:47:41:762;2.61;1.52
33;100;100;14:47:43:062;3.08;1.56

x
x;0.000;0.000;0.0;0.0
Index;Element;Marker;Time;Kraft Diff.;Weg
;;;;kN;mm
