FineGrainedBlock
1;2015-10-05;13:41:35;;;0;01:33:00;
30;1;20
0.0;0.0

a5
A5_0p1kNs;50.000;40.000;0.0;0.0
Index;Element;Marker;Time;Kraft Diff.;Weg
;;;;kN;mm
1;100;5000;14:33:56:550;1.67;0.00
2;100;100;14:33:56:915;1.39;0.00
3;100;100;14:33:57:215;1.62;0.00
4;100;100;14:33:57:515;1.63;0.00
5;100;100;14:33:57:815;1.75;0.00
6;100;100;14:33:58:115;1.62;0.00
7;100;100;14:33:58:415;1.59;0.00
8;100;100;14:33:58:715;1.66;0.00
9;100;100;14:33:59:015;1.61;0.00
10;100;100;14:33:59:315;1.69;0.00
11;100;100;14:33:59:615;1.72;0.00
12;100;100;14:33:59:915;1.87;0.00
13;100;100;14:34:00:215;1.77;0.00
14;100;100;14:34:00:515;1.89;0.00
15;100;100;14:34:00:815;1.88;0.00
16;100;100;14:34:01:115;1.81;0.01
17;100;100;14:34:01:415;1.90;0.01
18;100;100;14:34:01:715;1.76;0.02
19;100;100;14:34:02:015;1.84;0.04
20;100;100;14:34:02:280;1.81;0.05
21;100;100;14:34:02:320;1.84;0.05
22;100;100;14:34:02:620;1.84;0.08
23;100;100;14:34:02:800;1.98;0.10
24;100;100;14:34:02:925;1.96;0.11
25;100;100;14:34:03:225;2.00;0.14
26;100;100;14:34:03:250;1.82;0.15
27;100;100;14:34:03:475;1.84;0.20
28;100;100;14:34:03:535;1.94;0.21
29;100;100;14:34:03:775;1.82;0.25
30;100;100;14:34:03:840;1.80;0.26
31;100;100;14:34:03:985;1.95;0.30
32;100;100;14:34:04:145;1.83;0.34
33;100;100;14:34:04:190;1.83;0.35
34;100;100;14:34:04:445;1.81;0.40
35;100;100;14:34:04:455;1.74;0.41
36;100;100;14:34:04:610;1.75;0.45
37;100;100;14:34:04:760;1.98;0.50
38;100;100;14:34:04:775;1.72;0.51
39;100;100;14:34:04:990;1.86;0.56
40;100;100;14:34:05:070;2.04;0.59
41;100;100;14:34:05:120;1.92;0.61
42;100;100;14:34:05:265;2.08;0.66
43;100;100;14:34:05:380;2.01;0.69
44;100;100;14:34:05:435;1.86;0.71
45;100;100;14:34:05:610;1.87;0.76
46;100;100;14:34:05:690;1.90;0.80
47;100;100;14:34:05:715;1.86;0.81
48;100;100;14:34:05:875;2.04;0.86
49;100;100;14:34:06:000;2.15;0.91
50;100;100;14:34:06:020;2.18;0.91
51;100;100;14:34:06:270;2.29;0.96
52;100;100;14:34:06:310;2.31;0.97
53;100;100;14:34:06:610;2.56;1.01
54;100;100;14:34:06:615;2.53;1.01
55;100;100;14:34:06:915;2.73;1.05
56;100;100;14:34:07:105;2.59;1.06
57;100;100;14:34:07:220;2.65;1.07
58;100;100;14:34:07:440;2.90;1.08
59;100;100;14:34:07:525;2.64;1.08
60;100;100;14:34:07:825;2.71;1.09
61;100;100;14:34:08:125;2.65;1.10
62;100;100;14:34:08:425;2.87;1.10
63;100;100;14:34:08:725;2.80;1.11
64;100;100;14:34:09:025;2.96;1.11
65;100;100;14:34:09:295;2.92;1.11
66;100;100;14:34:09:330;2.79;1.11
67;100;100;14:34:09:630;2.87;1.12
68;100;100;14:34:09:930;2.96;1.13
69;100;100;14:34:10:230;2.99;1.13
70;100;100;14:34:10:530;2.95;1.14
71;100;100;14:34:10:830;3.10;1.14
72;100;100;14:34:11:130;3.10;1.15
73;100;100;14:34:11:430;2.96;1.16
74;100;100;14:34:11:540;3.07;1.16
75;100;100;14:34:11:735;3.15;1.17
76;100;100;14:34:12:035;3.12;1.17
77;100;100;14:34:12:335;3.23;1.18
78;100;100;14:34:12:635;3.16;1.18
79;100;100;14:34:12:935;3.10;1.19
80;100;100;14:34:13:235;3.06;1.20
81;100;100;14:34:13:535;3.18;1.21
82;100;100;14:34:13:575;3.17;1.21
83;100;100;14:34:13:840;3.21;1.22
84;100;100;14:34:14:140;3.27;1.23
85;100;100;14:34:14:440;3.20;1.24
86;100;100;14:34:14:740;3.27;1.24
87;100;100;14:34:15:040;3.24;1.25
88;100;100;14:34:15:340;3.33;1.26
89;100;100;14:34:15:505;3.45;1.26
90;100;100;14:34:15:645;3.29;1.27
91;100;100;14:34:15:945;3.35;1.27
92;100;100;14:34:16:130;1.46;1.28
93;100;100;14:34:16:185;2.05;1.31
94;100;100;14:34:16:255;1.86;1.36
95;100;100;14:34:16:265;1.90;1.37
96;100;100;14:34:16:320;2.07;1.42
97;100;100;14:34:16:405;2.00;1.47
98;100;100;14:34:16:460;2.05;1.52
99;100;100;14:34:16:515;2.24;1.57

x
x;0.000;0.000;0.0;0.0
Index;Element;Marker;Time;Kraft Diff.;Weg
;;;;kN;mm
