FineGrainedBlock
1;2015-10-05;13:41:35;;;0;01:33:00;
30;1;20
0.0;0.0

b1
B1_0p1kNs;50.000;40.000;0.0;0.0
Index;Element;Marker;Time;Kraft Diff.;Weg
;;;;kN;mm
1;100;5000;15:01:37:613;1.40;0.00
2;100;100;15:01:37:843;1.50;0.00
3;100;100;15:01:38:143;1.45;0.00
4;100;100;15:01:38:443;1.66;0.00
5;100;100;15:01:38:743;1.57;0.00
6;100;100;15:01:39:043;1.49;0.00
7;100;100;15:01:39:343;1.59;0.00
8;100;100;15:01:39:643;1.66;0.00
9;100;100;15:01:39:943;1.78;0.00
10;100;100;15:01:40:243;1.68;0.00
11;100;100;15:01:40:543;1.60;0.00
12;100;100;15:01:40:843;1.80;0.00
13;100;100;15:01:41:143;1.77;0.00
14;100;100;15:01:41:443;1.87;0.00
15;100;100;15:01:41:743;1.81;0.01
16;100;100;15:01:42:043;1.75;0.01
17;100;100;15:01:42:343;1.87;0.02
18;100;100;15:01:42:643;1.90;0.04
19;100;100;15:01:42:823;1.70;0.05
20;100;100;15:01:42:948;1.80;0.06
21;100;100;15:01:43:248;2.00;0.09
22;100;100;15:01:43:393;1.89;0.10
23;100;100;15:01:43:553;1.82;0.11
24;100;100;15:01:43:823;1.82;0.15
25;100;100;15:01:43:858;1.70;0.15
26;100;100;15:01:44:158;1.75;0.20
27;100;100;15:01:44:183;1.91;0.20
28;100;100;15:01:44:463;1.78;0.23
29;100;100;15:01:44:588;1.70;0.25
30;100;100;15:01:44:758;1.80;0.30
31;100;100;15:01:44:773;1.70;0.31
32;100;100;15:01:44:988;1.68;0.35
33;100;100;15:01:45:078;1.74;0.37
34;100;100;15:01:45:198;1.95;0.40
35;100;100;15:01:45:353;1.90;0.46
36;100;100;15:01:45:388;1.73;0.46
37;100;100;15:01:45:563;1.72;0.51
38;100;100;15:01:45:693;1.76;0.54
39;100;100;15:01:45:733;1.80;0.56
40;100;100;15:01:45:888;1.81;0.61
41;100;100;15:01:46:003;1.76;0.65
42;100;100;15:01:46:058;1.76;0.66
43;100;100;15:01:46:178;1.75;0.71
44;100;100;15:01:46:313;1.78;0.75
45;100;100;15:01:46:333;1.81;0.76
46;100;100;15:01:46:438;1.73;0.81
47;100;100;15:01:46:623;1.84;0.85
48;100;100;15:01:46:633;1.70;0.86
49;100;100;15:01:46:698;1.94;0.91
50;100;100;15:01:46:818;1.95;0.96
51;100;100;15:01:46:938;1.91;1.00
52;100;100;15:01:46:978;1.96;1.01
53;100;100;15:01:47:153;2.17;1.06
54;100;100;15:01:47:248;2.32;1.09
55;100;100;15:01:47:373;2.33;1.11
56;100;100;15:01:47:553;2.56;1.14
57;100;100;15:01:47:693;2.65;1.16
58;100;100;15:01:47:858;2.60;1.18
59;100;100;15:01:48:158;2.72;1.20
60;100;100;15:01:48:458;2.58;1.21
61;100;100;15:01:48:518;2.67;1.21
62;100;100;15:01:48:763;2.84;1.22
63;100;100;15:01:49:063;2.68;1.22
64;100;100;15:01:49:363;2.73;1.23
65;100;100;15:01:49:663;2.88;1.23
66;100;100;15:01:49:963;2.92;1.24
67;100;100;15:01:50:263;2.90;1.25
68;100;100;15:01:50:563;2.79;1.25
69;100;100;15:01:50:863;2.86;1.26
70;100;100;15:01:51:163;3.05;1.26
71;100;100;15:01:51:358;3.12;1.26
72;100;100;15:01:51:398;3.02;1.26
73;100;100;15:01:51:473;2.99;1.26
74;100;100;15:01:51:773;2.85;1.27
75;100;100;15:01:52:073;2.99;1.28
76;100;100;15:01:52:373;3.08;1.28
77;100;100;15:01:52:673;3.08;1.29
78;100;100;15:01:52:973;3.06;1.29
79;100;100;15:01:53:273;2.95;1.30
80;100;100;15:01:53:573;3.17;1.30
81;100;100;15:01:53:873;3.23;1.31
82;100;100;15:01:54:018;3.18;1.31
83;100;100;15:01:54:178;3.13;1.32
84;100;100;15:01:54:478;3.31;1.33
85;100;100;15:01:54:778;3.21;1.34
86;100;100;15:01:55:078;3.14;1.35
87;100;100;15:01:55:378;3.15;1.35
88;100;100;15:01:55:678;3.34;1.36
89;100;100;15:01:55:848;3.08;1.36
90;100;100;15:01:55:983;3.25;1.37
91;100;100;15:01:56:283;3.36;1.37
92;100;100;15:01:56:583;3.35;1.38
93;100;100;15:01:56:883;3.41;1.39
94;100;100;15:01:57:183;3.35;1.39
95;100;100;15:01:57:483;3.37;1.40
96;100;100;15:01:57:783;3.53;1.41
97;100;100;15:01:58:018;3.46;1.41
98;100;100;15:01:58:088;3.37;1.42
99;100;100;15:01:58:388;3.51;1.43
100;100;100;15:01:58:688;3.66;1.43
101;100;100;15:01:58:988;3.49;1.44
102;100;100;15:01:59:288;3.55;1.45
103;100;100;15:01:59:588;3.58;1.46
104;100;100;15:01:59:648;3.52;1.47
105;100;100;15:01:59:893;3.63;1.47
106;100;100;15:02:00:193;3.61;1.48
107;100;100;15:02:00:493;3.70;1.49
108;100;100;15:02:00:793;3.86;1.51
109;100;100;15:02:00:833;3.86;1.52
110;100;100;15:02:01:098;3.77;1.53
111;100;100;15:02:01:398;3.88;1.54
112;100;100;15:02:01:698;3.84;1.56
113;100;100;15:02:01:923;3.98;1.57
114;100;100;15:02:02:003;3.88;1.57
115;100;100;15:02:02:303;3.85;1.58
116;100;100;15:02:02:603;3.88;1.59
117;100;100;15:02:02:833;3.91;1.62
118;100;100;15:02:02:908;3.98;1.62
119;100;100;15:02:03:208;3.92;1.64
120;100;100;15:02:03:508;3.93;1.66
121;100;100;15:02:03:633;3.88;1.67
122;100;100;15:02:03:803;2.73;1.72
123;100;100;15:02:03:818;2.71;1.73
124;100;100;15:02:03:863;2.88;1.77
125;100;100;15:02:03:973;3.03;1.82
126;100;100;15:02:04:038;3.23;1.87
127;100;100;15:02:04:123;3.16;1.93
128;100;100;15:02:04:138;3.24;1.93
129;100;100;15:02:04:243;3.33;1.98
130;100;100;15:02:04:318;3.07;2.03
131;100;100;15:02:04:413;3.16;2.09
132;100;100;15:02:04:453;3.16;2.11

x
x;0.000;0.000;0.0;0.0
Index;Element;Marker;Time;Kraft Diff.;Weg
;;;;kN;mm
