baerlock
1;2015-10-05;13:41:35;;;0;01:33:00;
30;1;20
0.0;0.0

5o
5o;50.000;40.000;0.0;0.0
Index;Element;Marker;Time;Kraft Diff.;Weg
;;;;kN;mm
1;100;5000;10:59:59:859;2.22;0.00
2;100;100;11:00:00:369;2.11;0.01
3;100;100;11:00:00:708;2.03;0.05
4;100;100;11:00:00:978;2.12;0.08
5;100;100;11:00:01:018;2.18;0.10
6;100;100;11:00:01:178;2.11;0.15
7;100;100;11:00:01:398;1.94;0.20
8;100;100;11:00:01:489;1.95;0.25
9;100;100;11:00:01:598;2.09;0.30
10;100;100;11:00:01:628;2.10;0.31
11;100;100;11:00:01:739;1.97;0.35
12;100;100;11:00:01:838;2.16;0.41
13;100;100;11:00:01:938;2.13;0.46
14;100;100;11:00:02:048;2.02;0.52
15;100;100;11:00:02:119;1.90;0.57
16;100;100;11:00:02:188;2.02;0.62
17;100;100;11:00:02:279;2.12;0.67
18;100;100;11:00:02:298;2.25;0.68
19;100;100;11:00:02:369;2.02;0.73
20;100;100;11:00:02:458;2.03;0.78
21;100;100;11:00:02:529;2.01;0.84
22;100;100;11:00:02:619;2.45;0.89
23;100;100;11:00:02:659;2.96;0.93
24;100;100;11:00:02:699;3.23;0.94
25;100;100;11:00:02:958;3.90;0.97
26;100;100;11:00:03:558;3.91;0.98
27;100;100;11:00:03:998;4.38;0.99
28;100;100;11:00:04:088;4.40;0.99
29;100;100;11:00:04:178;4.15;0.99
30;100;100;11:00:04:779;4.62;1.00
31;100;100;11:00:05:378;4.78;1.02
32;100;100;11:00:05:978;5.05;1.03
33;100;100;11:00:06:579;5.66;1.04
34;100;100;11:00:06:829;5.59;1.04
35;100;100;11:00:06:888;5.82;1.04
36;100;100;11:00:07:199;5.81;1.04
37;100;100;11:00:07:798;5.89;1.05
38;100;100;11:00:08:398;6.22;1.06
39;100;100;11:00:08:998;6.65;1.07
40;100;100;11:00:09:598;6.76;1.09
41;100;100;11:00:09:699;7.03;1.09
42;100;100;11:00:10:058;7.30;1.10
43;100;100;11:00:10:218;7.03;1.10
44;100;100;11:00:10:819;7.61;1.11
45;100;100;11:00:11:418;7.68;1.12
46;100;100;11:00:12:018;7.91;1.13
47;100;100;11:00:12:619;8.45;1.14
48;100;100;11:00:12:779;8.26;1.14
49;100;100;11:00:12:978;8.78;1.15
50;100;100;11:00:13:239;8.72;1.15
51;100;100;11:00:13:838;8.77;1.16
52;100;100;11:00:14:438;9.33;1.18
53;100;100;11:00:15:039;9.53;1.18
54;100;100;11:00:15:638;9.68;1.19
55;100;100;11:00:16:159;10.21;1.19
56;100;100;11:00:16:248;10.24;1.19
57;100;100;11:00:16:279;10.07;1.19
58;100;100;11:00:16:859;10.48;1.20
59;100;100;11:00:17:458;10.64;1.20
60;100;100;11:00:18:058;11.23;1.21
61;100;100;11:00:18:329;8.07;1.23
62;100;100;11:00:18:348;8.81;1.25
63;100;100;11:00:18:378;9.58;1.27
64;100;100;11:00:18:418;9.92;1.30
65;100;100;11:00:18:498;10.89;1.36
66;100;100;11:00:18:529;11.05;1.37
67;100;100;11:00:18:718;11.36;1.39

x
x;0.000;0.000;0.0;0.0
Index;Element;Marker;Time;Kraft Diff.;Weg
;;;;kN;mm
