FineGrainedBlock
1;2015-10-05;13:41:35;;;0;01:33:00;
30;1;20
0.0;0.0

a3
A3_0p1kNs;50.000;40.000;0.0;0.0
Index;Element;Marker;Time;Kraft Diff.;Weg
;;;;kN;mm
1;100;5000;14:18:47:349;1.81;0.00
2;100;100;14:18:47:640;1.67;0.00
3;100;100;14:18:47:941;1.77;0.00
4;100;100;14:18:48:240;1.76;0.00
5;100;100;14:18:48:541;1.82;0.00
6;100;100;14:18:48:841;1.75;0.00
7;100;100;14:18:49:140;1.91;0.00
8;100;100;14:18:49:441;1.90;0.01
9;100;100;14:18:49:740;1.97;0.01
10;100;100;14:18:50:041;1.89;0.02
11;100;100;14:18:50:341;1.97;0.03
12;100;100;14:18:50:640;1.91;0.04
13;100;100;14:18:50:731;1.80;0.05
14;100;100;14:18:50:946;1.78;0.07
15;100;100;14:18:51:245;1.75;0.10
16;100;100;14:18:51:265;1.81;0.10
17;100;100;14:18:51:551;1.91;0.14
18;100;100;14:18:51:631;1.78;0.15
19;100;100;14:18:51:856;1.73;0.17
20;100;100;14:18:52:015;1.94;0.20
21;100;100;14:18:52:160;1.84;0.24
22;100;100;14:18:52:196;1.77;0.25
23;100;100;14:18:52:455;1.69;0.30
24;100;100;14:18:52:470;1.80;0.30
25;100;100;14:18:52:646;1.77;0.35
26;100;100;14:18:52:776;1.69;0.39
27;100;100;14:18:52:836;1.76;0.40
28;100;100;14:18:53:055;1.77;0.45
29;100;100;14:18:53:086;1.72;0.46
30;100;100;14:18:53:211;1.61;0.50
31;100;100;14:18:53:365;1.68;0.55
32;100;100;14:18:53:396;1.74;0.56
33;100;100;14:18:53:560;1.73;0.60
34;100;100;14:18:53:676;1.78;0.65
35;100;100;14:18:53:705;1.80;0.66
36;100;100;14:18:53:810;1.66;0.71
37;100;100;14:18:53:966;1.73;0.76
38;100;100;14:18:54:015;1.76;0.77
39;100;100;14:18:54:111;1.70;0.81
40;100;100;14:18:54:196;1.81;0.86
41;100;100;14:18:54:325;1.89;0.91
42;100;100;14:18:54:341;1.84;0.91
43;100;100;14:18:54:481;1.98;0.96
44;100;100;14:18:54:635;2.15;1.01
45;100;100;14:18:54:666;2.36;1.01
46;100;100;14:18:54:910;2.41;1.06
47;100;100;14:18:54:946;2.43;1.07
48;100;100;14:18:55:245;2.63;1.11
49;100;100;14:18:55:336;2.68;1.11
50;100;100;14:18:55:551;2.73;1.12
51;100;100;14:18:55:850;2.71;1.13
52;100;100;14:18:56:151;2.74;1.14
53;100;100;14:18:56:450;2.76;1.14
54;100;100;14:18:56:751;2.86;1.15
55;100;100;14:18:57:051;2.81;1.15
56;100;100;14:18:57:351;2.87;1.15
57;100;100;14:18:57:571;2.99;1.15
58;100;100;14:18:57:655;2.80;1.15
59;100;100;14:18:57:956;2.87;1.16
60;100;100;14:18:58:256;2.69;1.16
61;100;100;14:18:58:461;2.97;1.16
62;100;100;14:18:58:561;2.99;1.16
63;100;100;14:18:58:861;2.92;1.17
64;100;100;14:18:59:160;3.02;1.17
65;100;100;14:18:59:461;3.02;1.18
66;100;100;14:18:59:760;3.01;1.18
67;100;100;14:19:00:061;3.07;1.19
68;100;100;14:19:00:361;3.17;1.19
69;100;100;14:19:00:660;3.08;1.19
70;100;100;14:19:00:961;3.10;1.20
71;100;100;14:19:01:260;3.17;1.21
72;100;100;14:19:01:561;3.28;1.21
73;100;100;14:19:01:666;3.08;1.21
74;100;100;14:19:01:865;3.14;1.22
75;100;100;14:19:02:166;3.08;1.22
76;100;100;14:19:02:466;3.20;1.22
77;100;100;14:19:02:765;3.06;1.23
78;100;100;14:19:03:066;3.28;1.23
79;100;100;14:19:03:365;3.21;1.23
80;100;100;14:19:03:666;3.25;1.24
81;100;100;14:19:03:966;3.30;1.25
82;100;100;14:19:04:265;3.33;1.26
83;100;100;14:19:04:510;3.33;1.26
84;100;100;14:19:04:571;3.34;1.26
85;100;100;14:19:04:870;3.48;1.27
86;100;100;14:19:05:171;3.44;1.28
87;100;100;14:19:05:470;3.59;1.29
88;100;100;14:19:05:771;3.48;1.29
89;100;100;14:19:06:071;3.61;1.30
90;100;100;14:19:06:370;3.58;1.30
91;100;100;14:19:06:671;3.64;1.31
92;100;100;14:19:06:736;3.48;1.31
93;100;100;14:19:06:976;3.53;1.32
94;100;100;14:19:07:276;3.61;1.32
95;100;100;14:19:07:575;3.65;1.33
96;100;100;14:19:07:876;3.70;1.33
97;100;100;14:19:08:176;3.64;1.35
98;100;100;14:19:08:476;3.82;1.35
99;100;100;14:19:08:776;3.84;1.36
100;100;100;14:19:08:780;3.80;1.36
101;100;100;14:19:09:081;3.69;1.37
102;100;100;14:19:09:381;3.84;1.38
103;100;100;14:19:09:680;3.82;1.39
104;100;100;14:19:09:981;3.92;1.40
105;100;100;14:19:10:280;3.86;1.40
106;100;100;14:19:10:581;3.91;1.41
107;100;100;14:19:10:640;4.07;1.41
108;100;100;14:19:10:831;2.53;1.47
109;100;100;14:19:10:890;2.53;1.50
110;100;100;14:19:10:926;2.73;1.52
111;100;100;14:19:10:981;2.92;1.57
112;100;100;14:19:11:055;2.95;1.62
113;100;100;14:19:11:171;2.74;1.67

x
x;0.000;0.000;0.0;0.0
Index;Element;Marker;Time;Kraft Diff.;Weg
;;;;kN;mm
