baerlock
1;2015-10-05;13:41:35;;;0;01:33:00;
30;1;20
0.0;0.0

3o
3o;50.000;40.000;0.0;0.0
Index;Element;Marker;Time;Kraft Diff.;Weg
;;;;kN;mm
1;100;5000;10:16:40:047;2.03;0.00
2;100;100;10:16:40:557;2.15;0.01
3;100;100;10:16:40:827;2.11;0.03
4;100;100;10:16:41:137;2.09;0.09
5;100;100;10:16:41:177;2.12;0.09
6;100;100;10:16:41:317;2.09;0.14
7;100;100;10:16:41:507;2.22;0.19
8;100;100;10:16:41:637;1.91;0.25
9;100;100;10:16:41:737;1.90;0.30
10;100;100;10:16:41:817;2.27;0.33
11;100;100;10:16:41:877;2.30;0.35
12;100;100;10:16:41:967;1.91;0.40
13;100;100;10:16:42:077;2.10;0.45
14;100;100;10:16:42:177;2.13;0.50
15;100;100;10:16:42:257;1.86;0.56
16;100;100;10:16:42:337;1.84;0.62
17;100;100;10:16:42:427;2.10;0.67
18;100;100;10:16:42:487;2.16;0.70
19;100;100;10:16:42:517;2.11;0.73
20;100;100;10:16:42:607;1.92;0.78
21;100;100;10:16:42:677;2.03;0.84
22;100;100;10:16:42:757;2.38;0.89
23;100;100;10:16:42:827;2.89;0.94
24;100;100;10:16:43:137;3.72;0.98
25;100;100;10:16:43:387;3.99;0.99
26;100;100;10:16:43:747;4.09;1.00
27;100;100;10:16:43:947;4.30;1.00
28;100;100;10:16:44:357;4.27;1.01
29;100;100;10:16:44:957;4.69;1.02
30;100;100;10:16:45:557;4.98;1.03
31;100;100;10:16:45:757;4.86;1.04
32;100;100;10:16:46:167;5.16;1.04
33;100;100;10:16:46:767;5.45;1.05
34;100;100;10:16:47:057;5.70;1.05
35;100;100;10:16:47:377;5.83;1.06
36;100;100;10:16:47:977;6.16;1.06
37;100;100;10:16:48:577;6.35;1.08
38;100;100;10:16:48:997;6.38;1.09
39;100;100;10:16:49:187;6.66;1.09
40;100;100;10:16:49:787;6.93;1.11
41;100;100;10:16:50:117;7.15;1.11
42;100;100;10:16:50:397;7.19;1.12
43;100;100;10:16:50:997;7.50;1.13
44;100;100;10:16:51:597;7.74;1.13
45;100;100;10:16:51:857;7.80;1.14
46;100;100;10:16:52:207;8.03;1.14
47;100;100;10:16:52:807;8.24;1.15
48;100;100;10:16:52:897;8.62;1.16
49;100;100;10:16:53:417;8.45;1.17
50;100;100;10:16:54:017;8.80;1.18
51;100;100;10:16:54:617;9.03;1.18
52;100;100;10:16:54:867;9.15;1.19
53;100;100;10:16:55:227;9.44;1.19
54;100;100;10:16:55:827;9.69;1.19
55;100;100;10:16:55:937;10.06;1.20
56;100;100;10:16:56:437;9.94;1.20
57;100;100;10:16:57:037;10.35;1.21
58;100;100;10:16:57:637;10.55;1.21
59;100;100;10:16:58:237;10.78;1.22
60;100;100;10:16:58:707;11.55;1.23
61;100;100;10:16:58:847;11.23;1.23
62;100;100;10:16:59:407;11.47;1.24
63;100;100;10:16:59:457;11.36;1.24
64;100;100;10:17:00:057;11.68;1.25
65;100;100;10:17:00:657;12.06;1.26
66;100;100;10:17:01:257;12.51;1.26
67;100;100;10:17:01:657;13.01;1.27
68;100;100;10:17:01:697;8.11;1.27
69;100;100;10:17:01:707;9.52;1.27
70;100;100;10:17:01:727;10.26;1.30
71;100;100;10:17:01:747;10.93;1.31
72;100;100;10:17:01:787;11.41;1.35
73;100;100;10:17:01:857;12.05;1.40
74;100;100;10:17:01:877;12.69;1.41
75;100;100;10:17:01:937;13.15;1.42

x
x;0.000;0.000;0.0;0.0
Index;Element;Marker;Time;Kraft Diff.;Weg
;;;;kN;mm
