massongex
1;2015-10-05;13:41:35;;;0;01:33:00;
30;1;20
0.0;0.0

30o
30o;50.000;40.000;0.0;0.0
Index;Element;Marker;Time;Kraft Diff.;Weg
;;;;kN;mm
1;100;5000;12:39:35:831;2.64;0.00
2;100;100;12:39:36:091;3.16;0.00
3;100;100;12:39:36:931;3.90;0.00
4;100;100;12:39:37:931;4.63;0.02
5;100;100;12:39:38:571;5.41;0.03
6;100;100;12:39:39:291;5.82;0.05
7;100;100;12:39:39:371;6.26;0.06
8;100;100;12:39:40:851;7.44;0.10
9;100;100;12:39:41:011;7.75;0.11
10;100;100;12:39:41:131;7.65;0.11
11;100;100;12:39:42:411;9.29;0.13
12;100;100;12:39:43:571;10.52;0.14
13;100;100;12:39:43:851;10.77;0.14
14;100;100;12:39:45:491;12.31;0.15
15;100;100;12:39:45:971;12.53;0.15
16;100;100;12:39:46:091;13.00;0.16
17;100;100;12:39:46:891;13.87;0.16
18;100;100;12:39:48:331;15.33;0.17
19;100;100;12:39:48:571;15.38;0.18
20;100;100;12:39:49:691;16.82;0.18
21;100;100;12:39:51:011;17.63;0.20
22;100;100;12:39:51:331;18.49;0.20
23;100;100;12:39:52:171;18.96;0.20
24;100;100;12:39:52:971;20.01;0.21
25;100;100;12:39:53:531;20.45;0.21
26;100;100;12:39:54:611;21.42;0.22
27;100;100;12:39:55:811;22.83;0.22
28;100;100;12:39:56:011;23.09;0.23
29;100;100;12:39:57:171;24.27;0.23
30;100;100;12:39:58:451;25.25;0.24
31;100;100;12:39:58:531;25.77;0.24
32;100;100;12:40:00:171;27.43;0.25
33;100;100;12:40:00:931;27.74;0.25
34;100;100;12:40:01:491;28.27;0.26
35;100;100;12:40:01:811;28.90;0.26
36;100;100;12:40:03:411;30.37;0.27
37;100;100;12:40:03:451;30.36;0.27
38;100;100;12:40:05:011;31.85;0.28
39;100;100;12:40:05:891;32.92;0.28
40;100;100;12:40:06:371;33.26;0.29
41;100;100;12:40:07:731;34.70;0.29
42;100;100;12:40:08:371;35.06;0.30
43;100;100;12:40:09:411;36.53;0.30
44;100;100;12:40:09:491;36.21;0.31
45;100;100;12:40:10:851;37.44;0.31
46;100;100;12:40:11:051;38.15;0.31
47;100;100;12:40:12:611;39.63;0.32
48;100;510;12:40:13:131;39.89;0.33
49;100;100;12:40:13:171;24.01;0.36

x
x;0.000;0.000;0.0;0.0
Index;Element;Marker;Time;Kraft Diff.;Weg
;;;;kN;mm
