buchs
1;2015-10-05;13:41:35;;;0;01:33:00;
30;1;20
0.0;0.0

5p
5p_90_0;50.000;40.000;0.0;0.0
Index;Element;Marker;Time;Kraft Diff.;Weg
;;;;kN;mm
1;100;5000;11:58:43:231;1.37;0.00
2;100;100;11:58:43:781;1.60;0.00
3;100;100;11:58:44:381;1.42;0.00
4;100;100;11:58:44:981;1.62;0.00
5;100;100;11:58:45:581;1.78;0.00
6;100;100;11:58:46:181;1.80;0.00
7;100;100;11:58:46:781;1.90;0.00
8;100;100;11:58:47:381;1.72;0.00
9;100;100;11:58:47:981;2.01;0.00
10;100;100;11:58:48:581;1.89;0.00
11;100;100;11:58:49:181;2.04;0.01
12;100;100;11:58:49:781;2.01;0.02
13;100;100;11:58:50:181;2.04;0.05
14;100;100;11:58:50:390;1.95;0.07
15;100;100;11:58:50:721;2.02;0.10
16;100;100;11:58:51:001;2.20;0.13
17;100;100;11:58:51:181;1.87;0.15
18;100;100;11:58:51:591;2.01;0.20
19;100;100;11:58:51:621;1.95;0.21
20;100;100;11:58:51:921;1.97;0.26
21;100;100;11:58:52:211;2.20;0.31
22;100;100;11:58:52:241;2.10;0.31
23;100;100;11:58:52:421;1.91;0.36
24;100;100;11:58:52:661;2.01;0.41
25;100;100;11:58:52:821;1.94;0.46
26;100;100;11:58:52:871;2.08;0.47
27;100;100;11:58:53:021;1.96;0.51
28;100;100;11:58:53:181;1.96;0.57
29;100;100;11:58:53:361;2.02;0.62
30;100;100;11:58:53:501;1.90;0.66
31;100;100;11:58:53:521;1.96;0.67
32;100;100;11:58:53:671;2.09;0.72
33;100;100;11:58:53:810;2.03;0.78
34;100;100;11:58:53:981;1.96;0.83
35;100;100;11:58:54:111;2.26;0.88
36;100;100;11:58:54:151;2.01;0.90
37;100;100;11:58:54:251;2.00;0.93
38;100;100;11:58:54:390;2.19;0.99
39;100;100;11:58:54:521;1.98;1.04
40;100;100;11:58:54:621;2.05;1.09
41;100;100;11:58:54:781;2.13;1.14
42;100;100;11:58:54:801;2.15;1.15
43;100;100;11:58:54:901;2.31;1.20
44;100;100;11:58:55:031;1.95;1.25
45;100;100;11:58:55:171;2.33;1.31

x
x;0.000;0.000;0.0;0.0
Index;Element;Marker;Time;Kraft Diff.;Weg
;;;;kN;mm
