buchs
1;2015-10-05;13:41:35;;;0;01:33:00;
30;1;20
0.0;0.0

4o
4o;50.000;40.000;0.0;0.0
Index;Element;Marker;Time;Kraft Diff.;Weg
;;;;kN;mm
1;100;5000;16:26:48:234;1.55;0.00
2;100;100;16:26:48:841;1.62;0.00
3;100;100;16:26:49:441;1.73;0.00
4;100;100;16:26:50:041;1.45;0.00
5;100;100;16:26:50:641;1.76;0.00
6;100;100;16:26:51:241;1.76;0.00
7;100;100;16:26:51:841;1.70;0.00
8;100;100;16:26:52:441;1.92;0.00
9;100;100;16:26:53:041;1.72;0.00
10;100;100;16:26:53:641;1.96;0.00
11;100;100;16:26:54:241;2.03;0.00
12;100;100;16:26:54:841;2.05;0.00
13;100;100;16:26:55:441;2.26;0.00
14;100;100;16:26:56:041;2.03;0.01
15;100;100;16:26:56:641;2.18;0.03
16;100;100;16:26:57:041;2.01;0.05
17;100;100;16:26:57:251;2.10;0.07
18;100;100;16:26:57:471;1.98;0.10
19;100;100;16:26:57:861;1.82;0.15
20;100;100;16:26:57:881;1.96;0.15
21;100;100;16:26:58:121;2.20;0.20
22;100;100;16:26:58:421;2.20;0.25
23;100;100;16:26:58:491;2.19;0.27
24;100;100;16:26:58:611;2.07;0.30
25;100;100;16:26:58:861;2.25;0.36
26;100;100;16:26:59:051;1.82;0.41
27;100;100;16:26:59:121;2.22;0.43
28;100;100;16:26:59:221;2.07;0.46
29;100;100;16:26:59:391;1.83;0.51
30;100;100;16:26:59:561;2.10;0.56
31;100;100;16:26:59:701;1.88;0.61
32;100;100;16:26:59:761;1.91;0.64
33;100;100;16:26:59:831;2.03;0.66
34;100;100;16:26:59:991;2.11;0.72
35;100;100;16:27:00:121;1.83;0.77
36;100;100;16:27:00:241;1.98;0.82
37;100;100;16:27:00:381;2.12;0.87
38;100;100;16:27:00:411;1.94;0.88
39;100;100;16:27:00:511;1.97;0.92
40;100;100;16:27:00:621;2.31;0.97
41;100;100;16:27:00:751;2.16;1.02
42;100;100;16:27:00:861;1.89;1.07
43;100;100;16:27:00:991;2.26;1.13
44;100;100;16:27:01:061;2.23;1.15
45;100;100;16:27:01:111;2.29;1.18
46;100;100;16:27:01:221;2.16;1.23
47;100;100;16:27:01:341;2.22;1.28
48;100;100;16:27:01:441;2.37;1.34
49;100;100;16:27:01:571;2.12;1.39
50;100;100;16:27:01:671;2.23;1.44

x
x;0.000;0.000;0.0;0.0
Index;Element;Marker;Time;Kraft Diff.;Weg
;;;;kN;mm
