artificial coarse g25
1;2015-10-05;13:41:35;;;0;01:33:00;
30;1;20
0.0;0.0

b1
Bplane_1;50.000;40.000;0.0;0.0
Index;Element;Marker;Time;Kraft Diff.;Weg
;;;;kN;mm
1;100;5000;15:18:08:097;1.33;0.00
2;100;100;15:18:08:796;1.29;0.00
3;100;100;15:18:11:796;1.45;0.00
4;100;100;15:18:14:796;1.72;0.00
5;100;100;15:18:17:796;2.07;0.01
6;100;100;15:18:18:946;2.32;0.05
7;100;100;15:18:19:346;1.77;0.11
8;100;100;15:18:19:696;2.31;0.16
9;100;100;15:18:19:996;2.17;0.21
10;100;100;15:18:20:246;2.27;0.27
11;100;100;15:18:20:496;2.44;0.33
12;100;100;15:18:20:796;2.18;0.39
13;100;100;15:18:21:046;2.17;0.46
14;100;100;15:18:21:196;2.12;0.50
15;100;100;15:18:21:246;2.25;0.52
16;100;100;15:18:21:446;2.05;0.58
17;100;100;15:18:21:646;1.86;0.64
18;100;100;15:18:21:846;1.97;0.71
19;100;100;15:18:22:146;2.41;0.76
20;100;100;15:18:22:796;3.17;0.79
21;100;100;15:18:24:496;3.08;0.79
22;100;100;15:18:27:496;3.07;0.81
23;100;100;15:18:29:246;3.18;0.81
24;100;100;15:18:30:546;3.27;0.82
25;100;100;15:18:33:546;3.88;0.84
26;100;100;15:18:36:546;4.09;0.86
27;100;100;15:18:38:146;4.41;0.86
28;100;100;15:18:39:396;4.61;0.87
29;100;100;15:18:39:646;4.63;0.87
30;100;100;15:18:42:646;4.49;0.88
31;100;100;15:18:45:646;4.99;0.90
32;100;100;15:18:48:646;5.45;0.91
33;100;100;15:18:49:546;5.18;0.92
34;100;100;15:18:51:696;5.57;0.93
35;100;100;15:18:54:096;6.08;0.94
36;100;100;15:18:54:746;5.78;0.94
37;100;100;15:18:57:746;6.04;0.95
38;100;100;15:19:00:046;6.35;0.97
39;100;100;15:19:00:796;6.47;0.97
40;100;100;15:19:03:796;7.09;0.99
41;100;100;15:19:06:796;7.07;1.00
42;100;100;15:19:07:646;7.50;1.01
43;100;100;15:19:09:846;7.41;1.02
44;100;100;15:19:09:896;7.57;1.02
45;100;100;15:19:12:896;7.69;1.03
46;100;100;15:19:15:896;7.78;1.04
47;100;100;15:19:18:896;8.61;1.06
48;100;100;15:19:20:046;8.41;1.07
49;100;100;15:19:21:946;8.42;1.09
50;100;100;15:19:22:546;8.90;1.09
51;100;100;15:19:24:996;8.98;1.11
52;100;100;15:19:26:496;9.29;1.12
53;100;100;15:19:28:046;9.20;1.13
54;100;100;15:19:31:046;9.71;1.15
55;100;100;15:19:32:946;9.71;1.17
56;100;510;15:19:33:996;9.89;1.19
57;100;100;15:19:34:046;2.35;1.22

x
x;0.000;0.000;0.0;0.0
Index;Element;Marker;Time;Kraft Diff.;Weg
;;;;kN;mm
