buchs
1;2015-10-05;13:41:35;;;0;01:33:00;
30;1;20
0.0;0.0

6o
6o;50.000;40.000;0.0;0.0
Index;Element;Marker;Time;Kraft Diff.;Weg
;;;;kN;mm
1;100;5000;16:37:44:439;1.59;0.00
2;100;100;16:37:45:030;1.83;0.00
3;100;100;16:37:45:630;1.72;0.00
4;100;100;16:37:46:230;1.95;0.00
5;100;100;16:37:46:830;1.87;0.00
6;100;100;16:37:47:430;1.89;0.00
7;100;100;16:37:48:030;2.19;0.00
8;100;100;16:37:48:630;2.01;0.00
9;100;100;16:37:49:230;2.01;0.01
10;100;100;16:37:49:830;2.20;0.02
11;100;100;16:37:50:310;1.94;0.05
12;100;100;16:37:50:440;2.10;0.06
13;100;100;16:37:50:960;2.16;0.10
14;100;100;16:37:51:050;1.98;0.11
15;100;100;16:37:51:280;2.18;0.15
16;100;100;16:37:51:640;2.19;0.20
17;100;100;16:37:51:670;2.25;0.21
18;100;100;16:37:51:870;1.98;0.26
19;100;100;16:37:52:130;1.92;0.31
20;100;100;16:37:52:290;2.05;0.35
21;100;100;16:37:52:340;2.24;0.36
22;100;100;16:37:52:560;1.91;0.41
23;100;100;16:37:52:750;2.13;0.46
24;100;100;16:37:52:920;1.84;0.51
25;100;100;16:37:52:930;1.91;0.52
26;100;100;16:37:53:080;2.22;0.57
27;100;100;16:37:53:260;1.81;0.62
28;100;100;16:37:53:390;2.22;0.67
29;100;100;16:37:53:540;2.01;0.73
30;100;100;16:37:53:570;1.87;0.74
31;100;100;16:37:53:680;2.01;0.78
32;100;100;16:37:53:820;2.19;0.83
33;100;100;16:37:53:920;2.02;0.88
34;100;100;16:37:54:080;2.03;0.93
35;100;100;16:37:54:200;2.26;0.99
36;100;100;16:37:54:220;2.17;1.00
37;100;100;16:37:54:320;2.10;1.04
38;100;100;16:37:54:440;2.15;1.09
39;100;100;16:37:54:540;2.23;1.14
40;100;100;16:37:54:690;2.08;1.20
41;100;100;16:37:54:780;2.11;1.25
42;100;100;16:37:54:870;2.22;1.29
43;100;100;16:37:54:910;2.25;1.30
44;100;100;16:37:55:000;2.17;1.35

x
x;0.000;0.000;0.0;0.0
Index;Element;Marker;Time;Kraft Diff.;Weg
;;;;kN;mm
