artificial coarse g25
1;2015-10-05;13:41:35;;;0;01:33:00;
30;1;20
0.0;0.0

b5
B5;50.000;40.000;0.0;0.0
Index;Element;Marker;Time;Kraft Diff.;Weg
;;;;kN;mm
1;100;5000;14:22:06:681;1.57;0.00
2;100;100;14:22:08:181;1.60;0.00
3;100;100;14:22:11:181;1.68;0.00
4;100;100;14:22:14:181;2.29;0.00
5;100;100;14:22:16:630;2.02;0.05
6;100;100;14:22:17:080;2.26;0.11
7;100;100;14:22:17:281;1.91;0.14
8;100;100;14:22:17:380;2.36;0.17
9;100;100;14:22:17:730;2.23;0.23
10;100;100;14:22:17:980;2.39;0.29
11;100;100;14:22:18:181;2.29;0.35
12;100;100;14:22:18:380;1.84;0.41
13;100;100;14:22:18:580;2.13;0.48
14;100;100;14:22:18:781;2.19;0.54
15;100;100;14:22:18:931;1.94;0.60
16;100;100;14:22:19:080;2.38;0.65
17;100;100;14:22:19:230;1.83;0.72
18;100;100;14:22:19:380;2.24;0.77
19;100;100;14:22:19:531;2.25;0.83
20;100;100;14:22:19:830;2.36;0.88
21;100;100;14:22:19:931;2.84;0.90
22;100;100;14:22:20:080;2.56;0.94
23;100;100;14:22:20:531;3.06;0.99
24;100;100;14:22:20:880;3.00;1.04
25;100;100;14:22:21:130;3.14;1.07
26;100;100;14:22:21:480;2.89;1.09
27;100;100;14:22:21:880;2.75;1.15
28;100;100;14:22:22:380;2.85;1.20
29;100;100;14:22:22:931;3.08;1.25
30;100;100;14:22:23:380;2.31;1.31
31;100;100;14:22:23:531;2.78;1.37
32;100;100;14:22:23:781;3.29;1.43

x
x;0.000;0.000;0.0;0.0
Index;Element;Marker;Time;Kraft Diff.;Weg
;;;;kN;mm
