buchs
1;2015-10-05;13:41:35;;;0;01:33:00;
30;1;20
0.0;0.0

1o
1o;50.000;40.000;0.0;0.0
Index;Element;Marker;Time;Kraft Diff.;Weg
;;;;kN;mm
1;100;5000;16:14:17:860;1.50;0.00
2;100;100;16:14:18:419;1.52;0.00
3;100;100;16:14:19:019;1.66;0.00
4;100;100;16:14:19:619;1.59;0.00
5;100;100;16:14:20:219;1.61;0.00
6;100;100;16:14:20:819;1.74;0.00
7;100;100;16:14:21:419;1.70;0.00
8;100;100;16:14:22:019;2.07;0.00
9;100;100;16:14:22:619;1.80;0.00
10;100;100;16:14:23:219;2.07;0.00
11;100;100;16:14:23:819;1.84;0.00
12;100;100;16:14:24:419;2.15;0.02
13;100;100;16:14:24:929;2.10;0.05
14;100;100;16:14:25:029;1.90;0.06
15;100;100;16:14:25:609;2.10;0.10
16;100;100;16:14:25:639;2.12;0.10
17;100;100;16:14:26:119;2.19;0.15
18;100;100;16:14:26:249;1.94;0.17
19;100;100;16:14:26:439;2.19;0.20
20;100;100;16:14:26:859;2.18;0.25
21;100;100;16:14:26:869;2.15;0.25
22;100;100;16:14:27:169;1.94;0.30
23;100;100;16:14:27:399;2.12;0.36
24;100;100;16:14:27:489;2.05;0.38
25;100;100;16:14:27:629;2.12;0.41
26;100;100;16:14:27:849;1.91;0.46
27;100;100;16:14:28:029;2.08;0.51
28;100;100;16:14:28:119;2.09;0.56
29;100;100;16:14:28:169;2.24;0.56
30;100;100;16:14:28:419;2.05;0.62
31;100;100;16:14:28:499;2.10;0.67
32;100;100;16:14:28:649;2.04;0.72
33;100;100;16:14:28:759;1.98;0.75
34;100;100;16:14:28:809;1.78;0.77
35;100;100;16:14:28:939;2.08;0.82
36;100;100;16:14:29:069;2.01;0.88
37;100;100;16:14:29:169;1.86;0.93
38;100;100;16:14:29:319;2.11;0.98
39;100;100;16:14:29:409;2.15;1.02
40;100;100;16:14:29:439;2.19;1.03
41;100;100;16:14:29:549;1.88;1.08
42;100;100;16:14:29:669;2.19;1.13
43;100;100;16:14:29:809;2.33;1.19
44;100;100;16:14:29:939;1.86;1.24
45;100;100;16:14:30:049;2.18;1.29
46;100;100;16:14:30:069;2.38;1.30
47;100;100;16:14:30:169;2.31;1.34
48;100;100;16:14:30:269;2.05;1.39
49;100;100;16:14:30:379;2.19;1.45
50;100;100;16:14:30:509;2.27;1.50
51;100;100;16:14:30:609;2.31;1.55

x
x;0.000;0.000;0.0;0.0
Index;Element;Marker;Time;Kraft Diff.;Weg
;;;;kN;mm
