massongex
1;2015-10-05;13:41:35;;;0;01:33:00;
30;1;20
0.0;0.0

2p
2p_0_15;50.000;40.000;0.0;0.0
Index;Element;Marker;Time;Kraft Diff.;Weg
;;;;kN;mm
1;100;5000;14:26:42:959;1.40;0.00
2;100;100;14:26:44:206;2.08;0.02
3;100;100;14:26:44:366;2.20;0.05
4;100;100;14:26:44:566;2.10;0.11
5;100;100;14:26:44:726;1.89;0.17
6;100;100;14:26:44:846;2.35;0.23
7;100;100;14:26:45:006;1.91;0.31
8;100;100;14:26:45:086;1.84;0.37
9;100;100;14:26:45:206;2.17;0.45
10;100;100;14:26:45:286;2.24;0.51
11;100;100;14:26:45:366;1.98;0.56
12;100;100;14:26:45:446;1.84;0.62
13;100;100;14:26:45:526;1.94;0.69
14;100;100;14:26:45:606;2.18;0.75
15;100;100;14:26:45:686;2.40;0.83
16;100;100;14:26:45:726;2.93;0.85
17;100;100;14:26:45:886;4.38;0.87
18;100;100;14:26:46:446;4.77;0.88
19;100;100;14:26:47:246;5.55;0.91
20;100;100;14:26:47:366;5.83;0.91
21;100;100;14:26:47:846;6.18;0.93
22;100;100;14:26:49:126;7.41;0.97
23;100;100;14:26:49:766;7.82;0.98
24;100;100;14:26:50:086;8.33;0.98
25;100;100;14:26:50:606;8.84;0.99
26;100;100;14:26:52:046;10.27;1.00
27;100;100;14:26:52:286;10.27;1.01
28;100;100;14:26:53:526;11.78;1.01
29;100;100;14:26:54:726;12.76;1.02
30;100;100;14:26:54:966;13.30;1.02
31;100;100;14:26:56:406;14.78;1.03
32;100;100;14:26:56:526;14.89;1.04
33;100;100;14:26:57:246;15.22;1.04
34;100;100;14:26:57:886;16.33;1.05
35;100;100;14:26:59:326;17.82;1.06
36;100;100;14:26:59:726;17.95;1.06
37;100;100;14:27:00:686;19.28;1.07
38;100;100;14:27:02:166;20.41;1.08
39;100;100;14:27:02:406;20.74;1.08
40;100;100;14:27:03:766;22.06;1.09
41;100;100;14:27:03:806;22.20;1.09
42;100;100;14:27:04:686;22.72;1.09
43;100;100;14:27:05:166;23.61;1.09
44;100;100;14:27:06:606;25.31;1.10
45;100;100;14:27:07:166;25.33;1.10
46;100;100;14:27:08:326;26.77;1.11
47;100;100;14:27:09:606;27.19;1.12
48;100;100;14:27:09:926;28.44;1.12
49;100;100;14:27:11:126;29.89;1.13
50;100;100;14:27:12:086;31.14;1.14
51;100;100;14:27:12:126;31.65;1.14
52;100;100;14:27:12:166;31.59;1.14
53;100;100;14:27:12:286;30.04;1.14
54;100;100;14:27:12:526;31.74;1.14
55;100;100;14:27:12:766;30.26;1.14
56;100;100;14:27:13:006;32.06;1.15
57;100;100;14:27:13:246;30.58;1.14
58;100;100;14:27:13:446;32.10;1.15
59;100;100;14:27:13:726;30.63;1.15
60;100;100;14:27:13:886;32.08;1.15
61;100;100;14:27:14:446;33.81;1.15
62;100;100;14:27:14:686;32.14;1.15
63;100;100;14:27:14:886;33.54;1.16
64;100;100;14:27:15:006;34.47;1.16
65;100;100;14:27:15:526;35.23;1.16
66;100;100;14:27:15:686;33.01;1.16
67;100;100;14:27:15:966;34.79;1.16
68;100;100;14:27:16:286;33.31;1.16
69;100;100;14:27:16:446;34.77;1.16
70;100;100;14:27:16:606;36.22;1.16
71;100;100;14:27:16:766;34.65;1.16
72;100;100;14:27:17:086;36.27;1.17
73;100;100;14:27:17:406;34.69;1.17
74;100;100;14:27:17:686;36.84;1.17
75;100;100;14:27:17:806;37.06;1.17
76;100;100;14:27:17:966;35.44;1.17
77;100;100;14:27:18:246;37.17;1.17
78;100;100;14:27:18:606;35.64;1.17
79;100;100;14:27:18:846;37.96;1.17
80;100;100;14:27:19:206;36.44;1.17
81;100;100;14:27:19:526;39.02;1.18
82;100;100;14:27:19:766;37.42;1.18
83;100;100;14:27:20:206;39.77;1.18
84;100;100;14:27:20:526;38.22;1.19
85;100;100;14:27:20:566;37.66;1.18
86;100;100;14:27:20:686;37.71;1.19
87;100;100;14:27:20:886;40.30;1.19
88;100;100;14:27:21:326;38.34;1.19
89;100;100;14:27:21:646;39.89;1.20
90;100;100;14:27:21:846;41.57;1.20
91;100;100;14:27:22:086;39.71;1.20
92;100;100;14:27:22:526;41.43;1.20
93;100;100;14:27:23:246;41.35;1.20
94;100;100;14:27:23:966;42.89;1.21
95;100;100;14:27:24:286;44.32;1.22
96;100;100;14:27:25:006;42.67;1.22
97;100;100;14:27:25:766;42.72;1.22
98;100;100;14:27:25:966;44.38;1.22
99;100;100;14:27:26:206;45.97;1.22
100;100;100;14:27:27:166;44.45;1.22
101;100;100;14:27:28:286;44.71;1.23
102;100;100;14:27:29:206;45.90;1.23
103;100;100;14:27:30:006;47.44;1.24
104;100;100;14:27:30:046;47.70;1.24
105;100;100;14:27:30:206;49.07;1.24
106;100;100;14:27:30:566;50.48;1.24
107;100;100;14:27:30:886;51.31;1.24
108;100;100;14:27:31:566;48.93;1.24
109;100;100;14:27:33:006;50.60;1.25
110;100;100;14:27:33:246;52.51;1.25
111;100;100;14:27:33:406;53.27;1.25
112;100;100;14:27:33:606;54.06;1.25
113;100;100;14:27:34:366;52.01;1.25
114;100;100;14:27:34:726;50.46;1.25
115;100;100;14:27:35:366;52.60;1.25
116;100;100;14:27:35:486;54.24;1.25
117;100;100;14:27:35:806;55.64;1.25
118;100;100;14:27:36:046;56.41;1.26
119;100;100;14:27:36:206;57.14;1.26
120;100;100;14:27:36:446;55.51;1.26
121;100;100;14:27:36:766;54.09;1.26
122;100;510;14:27:37:006;52.90;1.26
123;100;100;14:27:37:046;33.51;1.27

x
x;0.000;0.000;0.0;0.0
Index;Element;Marker;Time;Kraft Diff.;Weg
;;;;kN;mm
